0.822742 0.013378 0.93311 0.585285 0.070235 0.050167 0.18729 0.177258 0.324415 316.73 -38.0708 -68.7733 -19.3183 7.26851 -56.6794 -36.5721 6.1982 10.8963 8.93869 4.60438 8.08767 -3.2876 2.7324 1.48071 0.677078 0.0642059 0.220523 0.177554 0.846292 0.13869 -0.0399675 -0.787789 -1.6309 -0.0276727 
0.799329 0.197325 0.458194 0.638796 0.926423 0.324415 0.170568 0.491639 0.304348 255.737 -74.1969 -2.96019 -20.58 -11.7096 -8.74348 -33.164 -9.29149 -2.02224 -1.4683 2.24436 0.751137 0.200057 0.12547 -0.204096 -0.263077 -0.455675 0.0533711 -0.550038 1.14941 -0.118282 0.898603 0.358787 -0.431663 0.555706 
0.0234112 0.167224 0 0.361204 0.618729 0.983277 0.64883 0.254181 0.247492 -250.778 -115.084 -119.388 52.6246 14.1297 26.5278 -22.13 18.0664 2.65532 -0.739855 15.2537 -10.4033 -4.0114 6.53358 -2.52531 -0.161143 -2.59214 -2.27847 0.583237 1.24616 0.773872 0.0205453 0.186652 -0.908009 0.277403 
0.341137 0.688963 0.173912 0.578595 0.404682 0.58194 0.615384 0.294315 0.401338 -250.121 203.82 100.563 -86.0957 4.15411 14.3309 -2.81894 10.9556 8.86396 9.46224 12.2601 3.66174 -1.30651 -4.82063 1.54997 -2.47268 3.90768 1.47995 2.14084 -0.100915 2.28355 -0.512377 0.856404 2.04224 -2.41741 
0.137124 0.956522 0.411371 0.55184 0.324415 0.264214 0.414716 0.725753 0.257525 -306.655 -144.95 -157.934 60.1049 -5.66104 19.2771 -17.0924 2.17519 -3.16402 -17.8101 -9.6296 10.0304 0.164766 -4.88876 6.65531 1.92942 2.55204 -0.60069 0.32515 1.05396 -0.324963 -0.383104 0.458618 0.985631 0.105722 
0.672242 0.137123 0.498328 0.842809 0.22408 0.511706 0.89632 0.719064 0.809365 206.881 -162.19 45.5477 -33.037 -36.9593 1.22464 0.499246 11.0721 6.85546 5.11697 -2.7336 4.12632 -1.81619 2.2754 2.3686 0.422672 0.0375066 -0.0826036 1.08569 -0.531909 -1.12714 0.587636 -0.300746 0.82243 0.4751 
0.963213 0.528428 0.344481 0.0869565 0.240802 0.749164 0.662207 0.531773 0.608696 158.732 33.5816 -3.93924 49.8809 31.6774 -25.21 33.7165 -4.80056 4.4951 1.91917 4.81667 -2.94498 0.998984 -2.51824 1.18089 -0.342324 -0.555382 -0.489647 0.479336 0.161579 0.516197 -0.467167 0.225026 -0.119622 0.0152302 
0.0769229 0.525084 0.237458 0.16388 0.949832 0.682274 0.598662 0.180602 0.217393 -260.516 -113.35 -122.199 44.6027 10.5218 24.0358 -15.5701 13.9366 3.25278 -2.06904 4.82946 -4.95152 0.00946361 -1.52565 1.09423 2.49869 3.00751 -0.816217 1.28493 1.61953 -0.915846 0.723495 -1.06428 -0.419848 -0.448125 
0.00334458 0.227425 0.20067 0.983277 0.441471 0.635451 0.695652 0.26087 0.749164 -241.188 -112.801 -111.204 53.0587 13.1887 17.6071 -19.6289 13.8257 2.94481 -3.46672 9.02511 -5.8363 -2.07297 4.68625 0.275837 -3.9784 -0.738638 0.843146 -0.357378 -1.18494 0.473362 0.38498 0.0322362 0.4267 -0.116219 
0.792642 0.90301 0.588629 0.29097 0.55184 0.632107 0.809365 0.013378 0.0535125 99.7945 271.475 -124.666 17.3725 20.2619 4.80344 10.7032 -12.477 2.89615 9.07976 1.17981 -3.71612 -1.76518 -1.40361 -1.83056 2.39646 0.383788 1.49503 1.57795 2.34716 -0.45432 0.050282 0.146483 -0.364108 0.301468 
0.869567 0.424749 0.685619 0.64883 0.367893 0.722408 0.826088 0.35117 0.826088 152.985 22.7292 -34.5851 -10.6793 -17.7435 -1.43936 16.5734 4.86178 -0.0793621 8.60221 2.62895 2.22059 0.396051 0.575832 1.21989 -0.32154 -0.398133 0.451443 0.157151 0.495932 0.00972386 0.0707509 -0.34918 0.438075 0.118113 
0.57525 0.759198 0.698997 0.976588 0.0501675 0.160535 0.0869575 0.48495 0.548495 -34.4948 4.47561 15.7784 -70.1614 -41.2787 -43.8773 -49.8423 30.1853 -15.2668 7.66301 -7.47225 6.79883 1.30468 7.5976 -0.126036 -1.32652 2.29607 -0.570481 -1.0551 0.832672 0.634837 -0.206769 -0.907159 1.35079 -0.835892 
0.953179 0.541806 0.35786 0.896321 0.822742 0.234114 0.0535125 0.130435 0.956522 168.475 -8.33946 -11.0865 -19.1221 -25.176 -14.4295 -49.572 -11.7985 -2.03566 6.88473 -3.48517 1.37694 -2.16188 1.41874 2.38099 0.773788 1.01254 0.625458 -0.124869 -0.0288553 -0.38927 0.0677214 -0.165713 0.380444 0.760193 
0.642142 0.464883 0.364549 0.150501 0.331104 0.364549 0.444816 0.779264 0.672241 64.1699 -49.7696 102.11 68.6364 35.0898 -48.8061 8.31004 -2.90169 5.54798 -0.463145 -2.78557 -2.54965 -0.482874 -0.273081 2.37182 0.244166 -0.565037 0.606899 0.541301 0.728972 0.38638 0.170271 -0.302704 1.07894 0.52184 
0.615383 0.117057 0.491639 0.729097 0.541806 0.150501 0.384616 0.792642 0.0301 214.041 -170.703 110.999 -38.4718 30.5901 1.57144 -39.5574 0.837916 -0.32082 -21.2542 -3.22856 2.645 1.22159 -1.64206 -3.59354 0.538002 -1.51007 -0.689917 -1.28119 0.55714 0.225503 -0.603339 0.265807 -0.549652 -0.745491 
0.324415 0.344481 0.190635 0.180602 0.033445 0.254181 0.41806 0.150501 0.682274 -5.58301 259.876 42.1419 -85.1136 -89.1409 15.3218 -19.6489 42.2667 6.20353 -12.9778 2.74501 -9.0649 1.62595 -9.78507 -2.89787 -4.36398 -2.98564 0.883552 0.766898 -0.796653 0.40821 -1.17752 0.563418 -1.15182 0.408974 
0.133779 0.123746 0.979932 0.658863 0.819398 0.307692 0.0602 0.852843 0.538461 -150.226 -3.44904 62.7418 -24.4814 -88.6144 9.87354 36.3083 -28.141 57.89 -14.6751 16.5083 -6.18183 16.439 10.7845 -1.70742 1.96244 -2.9738 2.59463 -1.7847 1.31469 0.225235 0.322241 0.262453 -0.745885 0.135839 
0.354515 0.090301 0.0602 0.722408 0.832775 0.197325 0.936455 0.334448 0.09699 -111.594 61.9838 355.971 14.826 95.2186 11.8879 -49.3307 -21.0872 18.4193 19.3528 25.5826 15.9419 -0.306639 5.19016 6.15666 -2.50803 -2.31103 -5.29416 -1.24639 -2.82623 -4.87545 0.136932 -2.08469 2.69327 -0.0222638 
0.367893 0.411371 0.143813 0.929766 0.976588 0.033445 0.19398 0.438127 0.688963 -85.1227 210.242 46.4005 81.9721 -66.4949 -12.999 -9.91829 -17.1087 -25.2831 -21.272 21.4294 20.0741 -4.6535 1.78635 -1.50951 -0.332683 -0.499985 -1.38899 4.2492 1.89012 -2.38961 0.0640938 0.914812 -1.09272 -0.112267 
0.227425 0.943144 0.35117 0.244147 0.280936 0.026756 0.12709 0.591973 0.270903 -418.053 -68.2708 -69.2436 -74.0461 -60.0265 -48.1149 63.3184 -51.6767 -17.0685 -23.1047 -21.2363 -1.09773 -17.3259 2.90143 0.34682 -5.92609 0.401495 1.0149 -4.70465 0.433683 -0.114421 -0.60042 -1.11351 -0.510243 -0.0862239 
0.648829 0.277592 0.508361 0.127091 0.00334501 0.956522 0.886288 0.906354 0.782607 126.937 -97.8835 64.9107 33.9777 14.8117 -25.685 70.3079 24.4541 16.5498 5.85509 0.411117 0.798633 -0.320372 1.81315 0.813389 -0.240508 -1.57511 0.304267 0.920037 -1.09005 0.392003 0.128836 -0.146103 -0.724712 -1.02591 
0.0936454 0.120402 0.18729 0.531773 0.227425 0.953177 0.217393 0.204013 0.0133775 -272.753 -132.614 -144.781 64.5653 17.2923 45.8949 -30.8031 22.3715 11.1842 3.55157 21.4047 -8.4515 4.44573 5.82932 -3.01143 1.03675 -2.15324 1.54867 1.18269 -1.77056 0.0289284 1.38495 0.0109441 -0.389773 0.0839407 
0.652175 0.304348 0.511706 0.899666 0.214047 0.785953 0.588629 0.0301005 0.444816 308.336 69.2926 -130.928 -63.1528 -54.3867 38.3124 0.253944 12.8145 -1.08358 14.565 -1.12161 3.72649 1.47184 2.93844 -1.09323 0.59915 0.978887 0.633922 0.465887 -0.346815 -1.5724 0.145298 -0.489563 0.490331 0.19076 
0.698996 0.478261 0.0836125 0.070234 0.755852 0.742475 0.755852 0.100334 0.411371 266.484 148.319 -79.8669 63.9085 17.1371 22.6329 27.8832 -25.8644 3.00628 5.96033 2.7053 -10.8497 0.92926 -3.43852 -0.960219 -0.196489 -1.23993 0.598323 -0.12586 -0.679211 -0.596191 -0.113053 1.13508 0.808551 0.277653 
0.558529 0.347826 0.107022 0.595317 0.264214 0.391305 0.274247 0.979933 0.240802 50.326 -94.2746 223.164 39.2128 21.2786 21.261 -17.9275 7.54268 -8.58662 -17.2795 -17.1171 -3.87835 4.8458 3.63458 -2.0963 2.26123 1.1988 0.565329 -0.145695 -0.517201 1.24567 -2.06007 0.116352 0.5301 -1.42792 
0.337792 0.615384 0.953178 0.408027 0.869565 0.0802675 0.056855 0.090301 0.38796 207.965 -62.8919 -123.97 5.29548 88.3343 0.0633654 42.2318 -11.2275 -63.1946 -15.1571 -9.96742 2.05357 -3.98929 3.34587 0.118151 1.91875 -6.18202 1.69497 -1.35637 0.288665 -2.18812 -0.298975 -0.0225485 1.14645 -0.204588 
0.451504 0.327759 0.889632 0.541806 0.451505 0.602007 0.996655 1 0.96321 96.9508 -273.816 -45.9573 -11.07 -67.4354 -70.2985 12.0072 -26.6379 32.3851 13.7911 -1.66353 -2.27364 -9.02379 -1.56853 4.77625 0.978446 -0.445652 2.50869 0.957325 -1.22095 2.11898 0.143367 -0.316298 2.28266 0.83425 
0.217391 0.762542 0.87291 0.0468225 0.137123 0.856187 0.344481 0.083612 0.789297 93.2111 93.8059 -30.6514 -88.4726 77.5376 161.302 3.77013 -1.24918 3.77386 24.0983 6.06485 -2.4726 -1.43194 -4.12322 4.9706 -0.760529 0.224407 -2.16419 -1.53162 1.51913 1.17138 -1.92382 -2.27801 -1.55021 -1.08489 
0.397992 0.816054 0.033445 0.354515 0.685619 0.698996 0.959865 0.745819 0.0869575 -424.234 155.472 335.3 11.4566 137.861 15.9038 4.23926 1.07597 38.1333 6.81525 4.23672 9.02839 -7.12476 -1.39744 5.81233 -1.51405 0.315822 8.08016 1.77285 2.60826 -1.68097 -4.14307 -0.437087 0.284515 2.77828 
0.331104 0.488294 0.729097 0.488294 0.561873 0.555184 0.518395 0.541806 0.829432 148.234 -13.0507 -139.991 28.6714 -31.6378 11.3271 2.45392 -14.3195 4.29512 -19.0704 -16.1601 0.607103 2.46564 0.283448 -3.09764 0.591382 1.10165 -1.36272 0.895168 0.441213 -0.623574 0.387057 -0.0599508 -0.700068 0.178711 
0.785954 0.725753 0.782607 0.468227 0.688963 0.474916 0.595318 0.210703 0.889632 34.9222 109.762 -36.0532 8.50448 -4.03155 -24.1135 -3.47955 -10.6788 -0.68393 9.14778 1.88918 -0.678707 -2.62611 1.41779 2.28294 -1.1042 1.05333 -0.0498669 -0.0661407 -0.678861 0.997986 0.342766 0.116737 -1.00854 -0.309002 
0.899667 0.966555 0.51505 0.802675 0.277592 0.361204 0 0.063545 0.033445 82.5235 202.683 -76.9641 4.16622 0.882593 -11.5157 -42.4425 -12.6668 -1.9401 10.6311 -5.13989 -2.24847 -2.89116 2.32744 -0.327898 0.683619 -1.57956 -1.72327 1.61584 1.03538 -0.701791 -0.556784 1.0985 -0.362713 -0.517094 
0.274248 0.839465 0.227425 0.491639 0.491639 0.54515 0.538461 0.976588 0.949832 -324.483 143.781 -131.997 -59.5656 -56.034 -55.3287 12.0628 1.58168 25.518 -56.596 -0.420541 -0.695583 5.55942 -5.20739 3.28875 3.26271 5.63524 0.0115007 -0.993511 0.507983 -1.62601 1.12823 0.71692 -0.682815 -1.15581 
0.284281 0.698996 0.167225 0.331104 0.0769225 0.127091 0.846155 0.451505 0.849497 -261.363 192.041 -33.9159 -120.082 -61.4085 -57.6072 -63.6479 -4.25628 -0.371731 -36.5037 10.6813 -7.85538 14.1478 -7.61379 -0.646889 -5.71641 2.90971 2.28328 -0.0438781 -2.85777 -0.527 -1.36861 -2.40465 -0.735281 0.755411 
0.173913 0.635451 0.317726 0.735786 0.411371 0.909699 0.361204 0.187291 0.568562 -263.23 -34.2707 -133.251 -84.2595 74.4307 69.0936 20.7481 -53.3102 -4.13917 29.7351 -11.7891 16.1059 7.02378 5.44679 -1.70451 -3.59304 1.24306 1.22653 0.250935 -0.729243 1.22326 0.970179 2.05672 -0.157938 0.0822359 
0.551837 0.979933 0.0234125 0.197325 0.0133775 0.428094 0.451505 0.501672 0.605351 -136.626 227.172 104.889 95.8616 24.223 -13.6688 -6.32329 12.6138 2.92304 10.992 -24.0716 -3.70934 0.951166 2.80872 0.415291 1.01692 -0.864354 2.57979 1.23045 -0.530654 0.355603 -6.16932 1.23818 -0.74255 -0.765757 
0.709029 0.672241 0.54515 0.461538 0.558529 0.0468225 0.354515 0.558529 0.64214 9.07814 9.63615 63.3284 27.1279 26.6569 -49.5571 -36.1492 -13.4256 1.93031 -1.76149 -2.42388 -0.569623 -4.01014 -1.18938 2.14333 -1.2026 0.125808 0.927435 -1.44727 -1.29604 -0.549301 -0.264222 -0.19647 0.0453334 -0.0489508 
0.772575 0.742475 0.575251 0.230769 0.508361 0.809364 0.09699 0.966555 0.00669 -20.6368 47.2922 74.6007 28.5934 53.1803 -17.2583 20.7942 2.17658 -1.00028 -11.721 -1.07047 -0.969719 3.00985 -2.5619 -2.06545 -1.11061 0.364082 -1.0166 0.705542 1.49677 0.00248477 0.225867 -0.040741 -0.184817 0.455784 
0.0267558 0.993311 0.635451 0.936455 0.341137 0.0367895 0.48495 0.401338 0.344481 -248.394 -116.205 -115.096 54.3518 13.0684 22.4601 -21.5521 16.1863 2.2538 -2.71028 12.4225 -6.9834 -3.60559 4.1353 -0.469137 0.487528 -1.84704 -2.68593 -0.50292 1.00631 0.566618 -0.739959 0.545317 -0.374162 0.743944 
0.645483 0.70903 0.73913 0.41806 0.220735 0.872909 0.13378 0.622074 0.558529 -16.5937 55.1412 1.21911 -6.01014 1.021 -30.2498 32.2357 24.4005 -6.43287 6.99854 2.65059 4.33574 2.49288 1.14879 0.523857 0.596142 0.0154291 -2.46546 -0.777177 0.315879 -0.156438 -1.56973 -0.571139 -0.445428 -0.854702 
0.371238 0.187291 0.277592 0.959866 0.12709 0.498328 0.705685 0.040134 0.267559 103.282 88.6855 149.255 -128.41 -18.8469 119.588 -61.1193 6.03922 -0.748285 10.2855 -0.723554 -2.03312 3.50296 -2.60459 1.79755 -1.44926 -1.19523 0.627011 -2.04507 0.963824 -0.540311 1.62173 1.39391 1.52091 -1.55695 
0.521737 0.45485 0.0735775 0.668896 0.658863 0.561873 0.150503 0.00334451 0.374582 189.962 228.194 -17.8038 44.2087 -18.9922 73.6674 -18.7593 -19.7572 -25.044 -1.23597 -5.99771 -4.23188 7.66275 2.54602 -3.0041 0.611727 0.904682 -1.02958 -0.594445 -0.0921513 1.7478 -1.16019 0.998017 -1.05611 -0.872565 
0.936454 0.397993 0.84281 0.474916 0.297659 0.849499 0.571906 0.956522 0.658863 57.4649 -50.9576 66.9814 7.29599 19.2823 -16.4195 28.668 9.77165 1.34942 -5.33339 1.55536 2.383 1.43662 -0.354935 0.687206 0.457913 -0.0339307 0.697684 -0.420187 0.962387 0.667734 -0.445132 -0.703052 0.0927292 0.345988 
0.0367892 0.334448 0.742475 0.575251 0.0167225 0.762542 0.852843 0.909699 0.862875 -250.41 -113.112 -116.369 48.4275 13.3959 26.5332 -18.8934 12.1166 2.4226 -0.211843 10.5595 -3.94021 -1.98932 2.83592 -0.93272 -1.50565 1.02484 1.04214 -0.586745 -0.198501 -0.330311 -0.023121 0.344794 0.348539 0.167094 
0.387958 0.769231 0.15719 0.769231 0.347826 0.812709 0.779265 0.949833 0.494983 -360.464 78.137 194.815 -19.8156 -41.9706 19.3941 -5.70644 2.41162 25.9526 7.52303 -3.94818 4.37047 -5.04505 -1.5502 2.95913 1.05589 -0.605346 -4.52772 0.383891 -4.60849 0.743718 -1.24294 -0.886758 -0.923519 -1.31332 
0.431438 0.367893 0.0200675 0.0936455 0.698997 0.973244 0.311037 0.698996 0.327759 -61.4061 176.644 207.64 114.931 34.1735 50.1348 69.6589 15.6145 3.08725 -1.7911 -1.95506 4.93986 3.90595 3.76546 -0.62487 -2.46156 1.14642 0.408948 0.78728 1.6329 -5.3253 4.68681 -0.337802 -1.96395 1.63919 
0.287625 0.026756 0.183948 0.170568 0.44816 0.083612 0.822742 0.076923 0.18729 -106.363 60.764 279.466 -47.8731 2.04575 -65.3672 -20.2106 5.48533 -7.5336 33.0279 22.2394 -1.83878 5.84922 -0.728076 -0.548764 2.76024 2.04358 2.05081 -3.08753 -1.00898 -1.79868 0.894723 0.763214 -1.41635 -0.17354 
0.926421 0.96321 0.518395 0.076923 0.237458 0.966555 0.277592 0.107024 0.45485 69.5182 231.504 -80.3896 63.9722 28.3183 -17.9433 30.4897 -12.1581 -1.10105 11.9835 2.63359 -3.63692 1.53169 -5.21161 2.15747 -0.324517 -0.609942 -1.09266 0.487985 -2.02066 -0.572132 -0.607945 -0.821885 1.73455 0.387529 
0.170569 0.394649 0.973245 0.274247 0.481605 0.769231 0.0167225 0.598662 0.190635 -105.838 -51.6417 88.5836 41.827 -114.391 48.2467 36.9008 -5.67453 78.3091 3.38234 12.9245 3.6457 9.87862 -5.80923 -2.94417 2.3585 1.85177 -1.96256 -4.53139 2.45757 1.10458 -2.12257 1.21115 -0.523734 1.21488 
0.735788 0.270903 0.591973 0.204013 0.795987 0.672241 0.240802 0.759198 0.632107 145.262 -84.267 49.1794 26.4525 14.6706 -29.0181 19.9268 -4.27429 -1.56441 -1.72561 7.00967 -0.659901 2.19124 -0.913629 1.13652 -1.086 0.391092 0.00461254 0.788041 0.547658 0.0771062 -0.90154 0.604365 -0.684569 -0.490036 
0.207358 0.51505 0.38796 0.882943 0.712374 0.207358 0.494983 0.468227 0.535117 -215.318 -10.828 -32.9696 -37.8776 -6.99534 -14.3004 16.0192 -15.613 -17.2414 -11.5853 -6.05831 5.5792 -4.58222 1.24207 1.82001 0.847712 -2.92582 -1.47161 -2.09202 -1.6201 0.608272 -0.265457 1.00427 0.457616 0.484541 
0.658863 0.040134 0.287626 0.123746 0.956522 0.274247 0.153845 0.749164 0 286.805 -121.423 87.5159 46.9741 59.591 -11.4101 -12.2673 -20.8489 -1.25742 -21.0932 4.3509 -5.22079 3.60246 -5.07027 -3.14481 -1.72562 0.112466 -0.167975 -0.044635 -0.403521 1.18608 0.712962 0.0417906 -0.528894 0.172422 
0.204013 0.588629 0.628762 0.698996 0.675585 0.665552 0.9398 0.872909 0.22408 -238.054 -171.999 53.5794 116.728 -107.78 -70.1201 -16.491 15.9658 -10.3983 -6.24067 -0.922654 5.45872 1.23157 -6.36057 -8.12009 0.78684 -1.17849 1.45359 2.47146 -0.988692 0.0704298 1.36201 -0.0864851 0.871349 0.967633 
0.0735788 0.468227 0.341137 0.314381 0.785953 0.00668901 0.578595 0.521739 0.9699 -260.482 -102.896 -112.54 22.0806 15.459 30.0405 -6.54243 -2.70258 -3.02123 6.7871 -2.96419 6.06483 -0.376833 -5.43737 0.0658433 1.63153 1.04254 -1.40792 -0.533857 0.19438 -0.315648 -0.739374 -0.201801 -0.0254626 0.178504 
0.8194 0.0869565 0.391304 0.207358 0.314381 0.949833 0.461539 0.866221 0.983277 214.964 -154.817 66.4771 31.5301 9.80388 -24.9301 49.4868 7.70485 2.9295 -0.422581 7.40371 0.52115 3.12954 -1.50691 1.8139 -1.8104 -0.60466 0.902289 0.19989 -0.305472 -0.359802 -1.54065 -0.487969 1.23419 -1.21089 
0.210703 0.595317 0.408027 0.70903 0.735786 0.90301 0.749164 0.137123 0.591973 -161.421 43.5773 -45.6833 -74.5578 69.755 18.2382 8.09952 -4.00141 -11.6903 24.8663 1.44504 1.47521 7.23341 -0.999136 -2.55416 4.19662 -0.0653559 -0.00122345 3.29697 0.525577 -0.664962 1.14218 1.191 0.972092 0.645377 
0.22408 0.886288 0.705685 0.147157 0.458194 0.401338 0.762542 0.444816 0.99331 10.8378 86.8358 -71.943 -37.4336 84.4085 43.017 -42.7481 40.8921 -26.949 -6.95126 0.549675 -7.61554 7.24403 -5.16347 8.84767 1.04237 -1.35264 -0.7053 1.51012 0.143759 1.55137 1.47105 -1.52816 0.120619 0.078366 
0.973246 0.722408 0.414716 0.889632 0.996655 0.270903 0.535117 0.0234115 0.254181 174.001 113.113 -86.7502 -29.7648 -34.1816 10.5065 -43.7333 -13.1137 -3.67136 11.7821 -3.83027 -0.344133 -2.00014 2.32075 0.886275 -0.499637 1.20758 0.373099 -0.936461 -1.51005 0.256766 1.20293 -0.165576 0.93855 0.813316 
0.364548 0.150501 0.123745 0.846154 0.00669 0.575251 0.79933 0.983277 0.394649 -159.622 -71.416 331.227 -38.6367 -116.046 48.2353 -49.4874 13.0748 21.6645 11.1711 -2.91286 -2.60201 0.498131 -4.04201 4.79433 -1.03973 -7.4769 -3.81532 -0.118767 1.31157 -1.67608 0.620364 1.58782 -0.101886 0.0732 
0.705688 0.200669 0.0133775 0.317725 0.79933 0.250836 0.719064 0.264214 0.816052 313.253 -36.0706 -4.2342 57.5949 -7.24823 -3.87461 -12.5459 -34.8185 3.45376 4.98086 1.44495 -9.53402 -1.04116 -2.02869 2.52231 -0.485579 -0.457411 0.782188 -0.421707 -0.276424 -0.0149682 1.88188 1.01024 1.25795 0.69501 
0.438129 0.755853 0.284281 0.785953 0.521739 0.464883 0.80602 0.414715 0.331104 -148.793 134.458 113.846 -40.4878 42.516 44.1518 -34.0817 -14.334 11.2743 -5.68744 -6.95638 2.49547 -5.10519 0.590409 -0.512788 1.59338 0.405237 -1.40568 1.92164 0.314163 -0.538941 -1.06598 0.0223349 -0.400258 -1.0742 
0.117057 0.237458 0.494983 0.775919 0.652174 0.846154 0.250836 0.635451 0.110368 -261.439 -106.529 -96.219 43.1267 -32.5331 19.3277 -6.5316 -2.39021 31.2285 -17.3679 2.42278 3.00102 16.5939 -0.945727 6.06117 4.87598 2.03887 2.28222 2.66246 -0.675967 -1.01525 0.67669 -0.282934 0.668555 0.63943 
0.581942 0.170568 0.9097 0.943144 0.190635 0.508361 0.304348 0.953177 0.10368 143.827 -248.834 82.0759 -129.02 -2.89936 -8.26722 -9.42597 43.3868 -4.31067 -15.6013 -2.20448 11.9666 3.97617 4.42652 -2.8528 1.52819 1.03442 -2.31753 -0.433756 0.856418 -1.25708 -0.896943 -0.980591 -0.609245 0.438336 
0.508363 0.157191 0.153845 0.110368 0.120402 0.247492 0.264214 0.832776 0.464883 135.776 -79.9326 202.708 97.7363 12.2351 -26.206 -6.90555 23.3195 -0.229087 0.707946 -16.1317 -2.65692 4.82873 4.80577 0.831742 2.2425 1.77615 -0.977749 -2.83892 -1.2122 1.14028 -0.222437 -0.34019 0.938596 -1.75847 
0.270903 0.133779 0.892978 0.829432 0.35786 0.311037 0.06689 0.782609 0.264214 117.874 -238.446 140.656 70.4077 -122.387 98.9888 31.7032 -31.5683 -27.7869 -3.5663 -11.5049 6.07444 -18.2182 0.287523 2.07299 1.16243 0.388246 -0.278139 0.601756 1.31527 2.80198 1.11455 -2.4766 1.31363 1.10465 
0.100335 0.217391 0.816052 0.287626 0.692308 0.622074 0.180602 0.916388 0.408027 -235.89 -70.7636 -57.4686 7.32017 -38.0413 10.3474 8.2769 -20.074 28.9204 -17.0997 1.85884 0.0598216 16.0484 9.04826 3.55462 -0.783424 -2.06744 2.53745 2.98009 -2.20335 1.08965 2.08714 -0.612125 -0.387213 0.259766 
0.60535 0.143813 0.428094 0.9699 0.257525 0.414715 0.90301 0.09699 0.959865 333.709 -32.9591 -92.983 -35.9048 -88.0985 16.9666 -27.2925 -4.8396 7.52507 23.8251 -3.22316 0.70695 -4.68625 3.60891 3.09584 1.17159 -1.10429 1.22003 0.879213 -0.545756 -0.67188 -0.148357 0.439995 0.585351 0.198746 
0.832775 0.695652 0.280936 0.167224 0.334448 0.866221 0.943145 0.408027 0.220735 148.732 137.148 -53.8574 40.4458 23.6245 6.46028 42.0011 -4.62013 3.02121 4.33194 1.69721 -4.73503 1.53727 -2.57403 -0.96915 -0.664968 -0.797114 0.295371 0.37452 -0.0181233 -0.180738 -0.0193515 0.619815 0.0415205 0.123421 
0.588629 0.26087 0.327759 0.782609 0.765887 0.153846 0.160535 0.428094 0.55184 203.294 -52.42 37.3968 18.9912 -30.9461 1.11126 -47.5885 -27.0144 -17.6803 -1.82765 0.473671 -2.78973 3.51609 -0.427185 1.38858 0.459874 0.42289 -0.960131 -0.501415 0.834692 -1.40835 0.118088 0.165413 0.808886 0.145456 
0.361204 0.662207 0.719064 0.137123 0.140467 0.919733 0.070235 0.481605 0.160535 -20.4328 -50.8337 42.7161 -112.559 6.75002 44.7536 89.6837 44.5783 -35.259 5.51958 -13.7351 -15.2216 1.27455 -3.66432 0.261411 1.6276 1.5418 1.7558 -1.60877 -2.47742 0.762116 2.08188 0.761587 -0.650257 0.639767 
0.153846 0.311037 0.331104 0.364549 0.84281 0.461538 0.32107 0.341137 0.58194 -223.042 -23.0404 -52.8285 -52.0585 18.2408 11.1619 33.2284 -17.849 9.8232 14.8858 -16.9489 0.0708663 6.75297 -2.15388 0.76521 -1.55415 0.0273443 0.405485 0.389626 -1.23735 0.38112 0.337784 -1.08857 -0.990039 -0.190589 
0.896321 0.324415 0.9699 0.38796 0.344481 0.424749 0.123745 0.722408 0.056855 129.267 -5.1914 14.1465 6.12685 34.035 -41.2279 -9.39266 1.64022 6.82857 -2.7935 2.19739 3.69617 -1.66928 -0.26444 -0.0211968 -0.0753346 0.0309611 -0.145743 0.231458 0.703908 0.61834 0.355443 -0.577899 -0.574524 -0.313239 
0.411371 0.913043 0.525084 0.307692 0.0468225 0.120402 0.521739 0.478261 0.541806 -160.635 68.6056 30.4895 -55.8767 -10.1215 -60.1555 -35.0941 35.0935 -4.74106 6.18716 -19.8139 -3.32642 0.438267 1.63147 0.208966 -1.77972 0.0125746 0.682411 -0.547521 0.222925 -1.11743 1.11492 0.946033 0.825635 -0.193134 
0.511704 0.846154 0.444816 0.672241 0.431438 0.431438 0.374582 0.464883 0.48495 -95.5841 117.52 30.8985 -15.8275 -6.56891 -3.22885 -15.0925 2.63579 -11.6996 -0.398797 -7.55124 1.73355 1.18748 1.43524 -0.864381 2.29762 0.148536 1.1361 -3.11304 2.16026 -1.14291 1.61047 -1.21446 0.751587 0.458379 
0.0200671 0.859532 0.956522 0.107024 0.525084 0.451505 0.341137 0.655519 0.371238 -244.775 -113.782 -112.431 53.1653 11.6609 21.0357 -19.7456 15.743 4.02192 -3.19653 11.1698 -6.05806 -1.542 1.42978 0.960019 3.01964 1.42778 -1.03508 0.456797 1.27647 -0.60338 0.283002 -0.343835 -0.269449 0.188281 
0.789296 0.207358 0.0903 0.591973 0.381271 0.130435 0.508361 0.67893 0.511706 254.255 -135.454 67.863 14.7565 10.3669 -22.0093 -27.3411 -8.25454 5.66017 -4.73302 -2.3861 -1.40661 -1.17448 -1.21165 0.207004 0.760887 1.24304 2.87328 -1.01124 -0.42412 -0.544975 -0.55346 0.780455 -0.276202 -0.00733871 
0.247492 0.498328 0.48495 0.966555 0.9398 0.287626 0.397993 0.474916 0.481605 -128.982 0.423627 7.34027 6.05499 7.25905 -10.7692 25.7258 2.78246 -8.84642 -1.50558 -3.64705 11.4532 -7.55944 2.76081 0.509387 2.05855 0.0392534 -0.196433 -1.86593 -0.669349 0.392152 0.56112 2.92688 0.668152 0.65762 
0.712375 0.48495 0.752508 0.267559 0.15719 0.869565 0.190635 0.735786 0.635451 56.8598 -14.5178 30.0447 18.0853 18.5905 -41.0345 38.7925 19.0207 0.969496 4.25879 3.58299 4.56976 3.24232 1.6703 2.01489 -1.49669 0.458527 -0.15499 0.140481 0.995056 0.616962 -0.418274 -0.898015 0.254038 -0.0384197 
0.608696 0.00668901 0.852843 0.555184 0.668896 0.056856 0.732441 0.585285 0.571906 262.128 -201.109 11.8142 -40.9015 0.409103 -48.1689 -26.5595 -3.98415 10.7948 -2.02851 8.30102 6.01447 -4.3018 -0.630813 1.68925 0.708577 0.193124 1.75795 0.659584 2.06647 1.96648 -1.29728 -0.868686 0.437236 0.649575 
0.916387 0.622074 0.538461 0.779264 0.829432 0.301004 0.347826 0 0.06689 202.94 130.561 -107.697 -23.5485 -25.5098 3.12163 -42.2111 -12.734 -1.78317 11.5175 -1.10987 0.0322896 -2.16995 0.435577 1.03628 0.554593 1.30995 -0.303796 1.33563 -0.289449 0.135598 0.490881 -0.248676 0.385712 0.803466 
0.541804 0.140468 0.501672 0.80602 0.397993 0.16388 0.889632 0.886288 0.35117 143.229 -221.396 155.237 -41.0062 14.5571 6.48091 -39.8293 -2.20613 14.9162 -15.2727 -9.27958 1.50653 -5.22854 0.096558 -0.964868 1.4758 -2.05739 0.13545 -0.309343 -1.98657 0.911522 -0.950778 0.483762 -0.0742846 -0.582349 
0.685621 0.0234115 0.150503 0.58194 0.204013 0.655519 0.899665 0.712374 0.354515 325.667 -129.996 44.3859 -2.47388 -3.04601 26.8948 17.4811 4.62859 9.30585 -4.68296 -4.33808 -2.10435 1.06631 1.81057 -3.17049 -1.51277 -3.47654 -0.0865266 0.385893 -1.71179 0.679092 0.375882 0.863353 0.0562316 -0.80759 
0.9097 0.230769 0.160535 0.394649 0.73913 0.732441 0.03679 0.789297 0.32107 247.791 -103.039 30.2201 6.55782 4.6951 -11.6371 3.2234 -2.93038 0.702354 -4.10644 3.13422 -0.705776 2.60224 -0.245789 -0.649952 -0.0650668 0.819478 -0.184635 -0.341085 1.28627 0.3796 0.788873 0.708294 -0.22574 0.452125 
0.26087 0.190636 0.274247 0.632107 0.856187 0.00334451 0.431438 0.394649 0.9097 5.26869 209.16 -30.075 -33.6007 0.23515 -17.2595 1.47383 30.248 5.57046 -47.0009 7.03537 4.55809 0.859079 2.90109 4.26348 1.77209 0.411122 -2.73588 -0.313521 -0.992818 -0.0813598 -1.23882 3.04985 0.458179 1.6049 
0.9398 0.953177 0.819398 0.35786 0.555184 0.397993 0.745819 0.505017 0.294315 -33.9333 155.718 -0.167868 29.1354 32.687 -16.5965 -3.39564 -10.4913 1.60628 0.92464 -2.65816 -2.53543 -2.97971 -0.944225 -0.267083 -2.6374 -0.552121 2.83176 0.297551 0.383823 -0.687769 -0.796284 0.52737 0.662514 -0.0625232 
0.401338 0.307692 0.026755 0.615384 0.929765 0.421405 0.301003 0.16388 0.434782 21.0465 281.884 105.369 78.049 11.6925 53.8663 5.24027 -14.047 -10.9928 -6.50888 15.5732 12.8159 -0.329964 3.98217 -1.73311 -0.802309 -0.706127 -3.87395 0.0367329 -0.482781 -0.389631 2.27712 -0.75756 -3.02754 1.6148 
0.187291 0.371238 0.76923 0.869565 0.307692 0.792642 0.84281 0.555184 0.846155 -15.2855 24.0693 60.0085 -24.9955 -9.25019 74.8203 -28.6912 -6.7645 -19.8346 2.70008 36.0761 4.51182 -1.43094 2.15356 0.305781 3.60145 -3.3027 1.94965 0.810135 -2.61388 2.91286 -0.38826 0.641507 0.871966 -0.813373 
0.32107 0.19398 0.210703 0.190636 0.13378 0.61204 0.989967 0.140468 0.0234125 -123.567 28.3331 330.626 -107.166 50.3031 14.8421 -30.2629 5.55041 18.469 53.6536 12.3984 -8.37618 8.84822 0.725242 3.76997 0.142514 -0.0712378 0.91222 -1.44806 5.75513 -0.877572 1.65807 1.28194 0.619193 0.145381 
0.42475 0.401338 0.10368 0.341137 0.87291 0.41806 0.314381 0.64883 0.692308 -47.8228 162.04 111.75 153.003 -32.2698 -12.7661 18.2875 -17.2401 -6.15607 -0.541096 8.13057 6.96846 -1.18103 0.661712 1.47378 -0.194608 1.4732 0.364337 3.36153 0.530791 2.02143 0.117204 1.26201 -1.57078 -5.42955 
0.51505 0.685619 0.531773 0.441471 0.722408 0.83612 0.424749 0.361204 0.0735775 15.9392 132.25 5.34815 -41.2782 68.3253 45.3172 31.7139 -0.582024 -7.27439 -17.8743 3.69458 0.768374 3.64515 -4.8266 -3.39221 0.883632 0.329943 0.719098 -0.221957 0.867411 0.466015 -0.631978 0.0131954 -0.307879 0.246472 
0.063545 0.752508 0.374582 0.762542 0.147157 0.143813 0.244148 0.842809 0.528428 -251.804 -115.814 -120.243 49.6482 15.9957 28.0476 -20.9449 12.6641 1.07074 0.612902 10.2055 -2.85763 -1.68159 2.36809 -0.486517 -1.52512 -0.434778 0.552591 -0.379193 -1.28318 0.044302 0.172075 0.0842999 0.50638 -0.0625449 
0.782608 0.441471 0.61204 0.478261 0.478261 0.374582 0.177258 0.658863 0.625418 95.6065 -49.1626 53.5089 12.7057 17.0119 -38.9499 -14.1114 -2.46864 1.44489 -1.19929 0.423547 1.38342 -0.333228 0.657559 1.38759 -0.201245 0.164049 -0.0951676 0.119602 0.443863 0.0747243 0.062114 0.0186037 -0.474054 0.253566 
0.632108 0.618729 0.147157 0.749164 0.0836125 0.946488 1 0.939799 0.929765 -20.0874 -35.6223 115.871 22.1136 -37.588 30.9286 34.6979 6.72294 4.19621 7.56406 -13.1301 -4.11639 -2.33088 1.15908 1.2482 1.91157 0.32359 0.0148615 2.48064 -2.61693 0.0305243 1.58819 0.135807 2.43833 -0.338532 
0.8796 0.00334451 0.250836 0.458194 0.779265 0.882943 0.0200675 0.926421 0.297659 296.153 -169.243 41.3797 -8.98985 -4.64002 -4.82028 11.5328 5.1236 -1.73828 -4.54407 5.33485 0.912754 4.20748 -1.02549 -1.23473 0.687196 1.34276 -0.335511 -0.602327 0.440227 0.323404 -0.436865 -0.823767 0.0955507 1.24151 
0.488296 0.923077 0.675585 0.0668895 0.505017 0.076923 0.602007 0.050167 0.615384 -21.4622 194.274 -107.25 6.27084 56.7099 -87.5419 -16.9088 -3.10476 9.86835 8.19802 3.88774 -2.22063 -7.48202 -0.434481 0.391994 1.41522 1.08653 -0.0648562 -0.573406 2.27701 0.105539 1.04545 -0.584444 -0.0734501 0.247429 
0.518396 0.772575 0.989967 0.411371 0.70903 0.284281 0.441471 0.207358 0.474916 26.7798 56.9381 -127.45 -69.621 32.2985 -67.4566 -0.642584 -5.58084 -3.99762 -0.954446 13.4026 5.80563 -1.8734 -6.17178 1.35034 -2.38467 1.69658 0.38743 0.457419 -1.51055 -2.39808 -1.20652 -1.22871 -1.18936 1.90249 
0.474917 0.535117 0.09699 0.32107 0.64883 0.481605 0.0836125 0.769231 0.0769225 -101.78 84.7526 251.539 74.4733 68.1373 32.9091 15.2093 5.46452 -23.7749 -24.3541 -3.63364 -0.0213764 8.39591 0.0143747 -3.02812 0.154453 0.122175 -0.80445 -2.59264 4.62355 -1.23386 2.68185 -1.5311 2.83329 -1.89844 
0.414717 0.474916 0.615384 0.227425 0.474916 0.294315 0.638796 0.304348 0.73913 139.761 40.6398 -83.8468 19.5647 -6.75149 -48.9508 -10.2913 -6.41789 12.0871 6.55054 -4.33106 -2.63004 -2.15829 0.194758 -0.969758 -0.846569 0.387462 0.949858 -0.668068 -0.352995 -0.586113 0.309123 -0.304892 0.0939475 0.331221 
0.334448 0.491639 0.44816 0.712374 0.117058 0.876254 0.287626 0.652174 0.12709 -175.93 -71.4847 183.754 -121.599 -60.2929 79.9361 46.1206 4.84945 -24.3399 14.0428 1.59241 -8.82399 -3.31345 -3.88689 3.41887 0.549106 0.291956 2.53018 0.920308 0.0875989 1.967 0.13541 0.868798 -1.21909 0.661848 
0.123746 0.986622 0.110368 0.83612 0.364549 0.705685 0.270903 0.234114 0.655519 -293.027 -131.419 -194.436 17.1694 107.167 69.5395 -24.0875 -0.21564 -24.3232 48.8106 -8.16865 16.1723 0.456954 -12.2615 -4.339 4.0965 -2.19146 -2.18295 -0.638318 0.0197676 0.426766 -0.193832 0.847746 -0.106578 0.242857 
0.00668917 0.160535 0.919733 0.538462 0.267559 0.782609 0.35117 0.214047 0.227425 -240.335 -114.052 -109.051 54.7818 12.2913 17.073 -18.908 15.0493 4.55891 -3.70839 9.94415 -6.7247 -2.22202 4.81064 0.328413 -3.01882 -0.983215 -0.871117 -0.475743 -0.567467 0.564626 0.181391 0.0629443 0.191022 -0.0184642 
0.692308 0.809364 0.367893 0.284281 0.107022 0.799331 0.23077 0.919733 0.501672 -69.364 35.3158 107.885 51.0973 40.8075 -25.7069 30.5654 8.40849 -0.881253 -4.12714 -6.98261 -1.62879 3.94344 2.09907 -0.737678 0.417677 1.64653 -0.192778 0.513187 1.44522 -1.49033 -0.460168 -0.43954 1.29036 0.59976 
0.374582 0.779264 0.625418 0.602007 0.19398 0.688963 0.0100325 0.561873 0.83612 -18.1917 88.4667 -171.111 -51.985 -153.735 7.81793 43.5434 26.4546 -32.6024 -13.393 -10.6795 -6.54567 0.0184283 -4.25631 -5.18498 1.59654 -1.01631 1.92377 1.98891 1.81089 -0.289135 -0.727936 0.894792 0.508629 -0.317807 
0.892975 0.0735785 0.0501675 0.444816 0.989967 0.675585 0.026755 0.702341 0.979932 279.529 -191.712 57.168 2.12456 -14.1756 -13.7873 -1.68345 -6.87338 -1.17924 -3.91335 4.23619 -0.79128 1.13837 -1.10304 1.35034 -1.59315 1.44518 -0.993375 0.323627 -1.36874 -0.516685 -1.95405 -0.104031 1.08653 0.422768 
0.719062 0.020067 0.722408 0.0535115 0.153845 0.979933 0.876255 0.200669 0.421405 379.515 24.9653 -131.58 2.26355 6.99539 -12.0708 64.9968 18.8132 14.1418 13.1795 12.7679 3.63801 0.530795 -1.38523 0.0440817 -0.216932 -1.5151 0.177457 2.37466 1.44319 1.00442 -0.521158 -1.49338 1.36385 0.162138 
0.598663 0.0936455 0.247492 0.886288 0.09699 0.645485 0.10368 0.267559 0.759198 344.064 -45.0629 -40.97 -5.86449 -90.571 23.5093 -13.8459 11.0364 -16.1438 19.5854 -6.03007 1.31092 6.56575 5.38994 2.28213 -0.135915 0.525961 0.711016 -0.350729 -0.00408526 -1.63112 -1.50942 -0.609986 1.75134 0.732935 
0.19398 0.381271 0.916387 0.367893 0.64214 0.976588 0.498328 0.0167225 0.458194 53.4793 36.2529 127.532 -7.19029 -5.44557 78.7248 19.5174 21.5247 26.4159 46.5261 17.5842 -1.14089 -0.307941 -7.53234 -7.26683 -0.222346 1.4981 -0.761084 -1.37991 -1.60879 -0.630819 0.181133 0.0909984 0.0255384 0.00965568 
0.856188 0.364549 0.926423 0.759198 0.0434775 0.505017 0.488294 0.44816 0.15719 165.05 35.7125 -44.6849 -27.2035 0.611077 -17.7736 -6.7387 10.21 4.82803 4.85477 1.09775 5.88873 -1.29913 2.32765 -0.427174 -0.703991 0.233974 0.172327 0.210144 -0.0370927 0.00607461 0.048748 -0.699123 -0.372238 -0.359412 
0.491637 0.67893 0.301003 0.428094 0.123745 0.38796 0.22408 0.307692 0.989967 26.5548 171.307 -50.796 60.2506 -102.724 -40.852 -10.4875 17.8156 -13.2493 29.8712 -12.8691 -0.0868721 2.73635 5.43655 3.42833 1.10454 3.01008 -0.586031 1.38095 -2.05236 -2.84898 -1.90594 0.430412 -0.537314 0.00387772 
0.555183 0.732441 0.913042 0.481605 0.143813 0.240802 0.906355 0.274247 0.595318 27.52 44.6674 -79.3058 -78.9042 16.5151 -63.4715 -15.6729 21.4629 23.0998 11.1518 -2.30263 6.69684 -9.17516 2.31403 0.726633 2.08516 -0.95161 0.157653 0.163653 1.48916 0.523004 2.17962 0.169287 -0.00393328 -0.683057 
0.722408 0.802675 0.488294 0.391305 0.959865 0.521739 0.856187 0.41806 0.468227 15.4867 125.419 -9.03217 16.9431 15.1637 9.10289 2.35993 -19.8664 -0.571063 -0.404466 -0.79416 -4.98094 -2.32294 -2.35963 -0.590766 0.649745 0.880813 -0.0591883 0.616331 0.321975 1.05882 0.939892 0.443095 0.812195 -0.149764 
0.404683 0.715719 0.983277 0.434782 0.846155 0.989967 0.919733 0.284281 0.063545 47.498 -109.777 -49.5874 -128.099 191.92 27.2863 51.3567 -41.6074 14.3314 -8.17868 5.13731 -2.70913 -2.34236 -1.84478 1.38682 0.323696 -1.58562 0.0999191 0.0921049 0.153015 -3.71098 -0.60164 1.91855 -1.46238 -1.36556 
0.471571 0.374582 0.986623 0.0100335 0.371238 0.331104 0.0769225 0.822742 0.337793 109.353 -226.558 28.7122 -33.0734 38.1901 -102.859 43.0515 38.3828 -20.9307 -7.408 5.30628 1.28164 9.0695 -2.66023 0.682745 0.504705 -0.678896 0.242146 -1.87483 2.36436 -1.10239 -1.56195 0.807764 0.247815 -0.658685 
0 0.0167225 0.682274 0.561873 0.632107 0.103679 0.411371 0.96321 0.404682 -246.112 -114.983 -114.83 54.3962 13.8482 22.0485 -20.691 16.3115 3.18475 -1.74708 11.7492 -6.11638 -2.57971 2.74903 -0.540908 -0.555264 1.81531 0.125688 -0.29103 0.955609 -0.508309 0.217565 -0.055337 0.262825 -0.497185 
0.48495 0.939799 0.254181 0.51505 0.150503 0.986622 0.401338 0.301004 0.953178 -94.1718 291.194 -90.7779 27.7394 -101.41 14.3402 31.1375 19.4144 -2.78562 30.8735 -12.5164 -2.07062 -1.48004 6.66327 0.0887864 0.996339 1.36329 0.0256204 -0.465565 -0.496918 1.83742 -0.341369 -0.785003 1.49197 -1.36607 
0.297659 0.55184 0.561873 0.19398 0.06689 0.157191 0.966555 0.80602 0.153845 -246.248 -251.729 256.185 -2.53735 -38.6433 -79.8974 -55.2285 -22.2314 -23.3019 32.8376 -6.93139 -9.71673 10.4292 -1.44953 1.99235 -1.09338 0.428257 -1.38199 -0.0510716 -0.884096 0.0559636 -1.06403 -1.37552 -1.90476 -0.948299 
0.09699 0.38796 0.334448 0.404683 0.595318 0.314381 0.284281 0.183946 0.772575 -254.678 -91.3729 -105.343 2.75506 30.8423 38.4399 -2.23182 -10.4015 -4.51382 23.4521 -2.12152 7.36326 1.91685 -4.94401 -5.93058 1.3647 0.0574037 -0.590203 0.772023 -0.489668 0.285864 -0.0628469 0.108131 -0.41017 -0.0323875 
0.237458 0.050167 0.434782 0.44816 0.026755 0.996655 0.81271 0.755853 0.214047 -198.135 -141.794 160.456 -1.7746 -151.056 0.121447 5.08524 -66.1367 10.1222 6.03123 12.4846 4.95856 9.89813 2.11978 -6.25749 -1.59729 -0.0303891 0.57918 1.61511 0.382159 0.416605 0.70601 -3.02941 0.728533 -0.708115 
0.160535 0.257525 0.785953 0.518395 0.695652 0.277592 0.77592 0.812709 0.819398 -79.4874 29.5151 104.59 -21.6905 -73.0886 -11.755 15.6639 8.83157 -2.11838 -20.8427 24.8596 -16.0312 -12.0039 3.33335 0.107801 3.2837 4.0038 -1.84796 0.285139 -1.87901 -0.834407 -0.207698 -1.36785 0.442325 0.360329 
0.715721 0.73913 0.204013 0.852843 0.26087 0.0234115 0.715719 0.173913 0.137123 136.86 124.863 -24.7305 -9.81695 10.9979 9.45292 -55.9644 -13.4667 4.46959 -0.974407 -11.6319 -2.99319 -4.38463 1.89801 -2.6752 2.91249 1.16615 2.15071 -0.821476 -0.307691 -0.80291 -0.323056 0.982325 -1.00888 -1.14105 
0.434783 0.929766 0.170568 0.00334451 0.180602 0.0869565 0.976588 0.441471 0.752508 -219.649 238.342 88.9012 68.5638 28.0793 -75.085 -50.1382 16.3653 43.5656 19.4609 -20.7027 0.174773 -9.00267 0.367197 1.04673 4.13311 -1.34108 -1.11724 -3.57031 1.2261 5.02698 2.69497 -0.621763 -2.49971 2.27545 
0.478263 0.64883 0.81271 0.832776 0.89632 0.32107 0.00669 0.565218 0.785953 0.740965 -44.1229 -97.8639 -9.23475 -80.3961 -59.0255 4.45109 -28.695 -44.5025 0.497149 19.8792 2.95464 4.97056 -2.10713 1.57666 -1.00144 1.61288 -0.805117 -1.85349 2.04385 0.988302 0.927695 -0.210428 1.04889 -0.573946 
0.9699 0.792642 0.89632 0.916388 0.210703 0.615384 0.458194 0.458194 0.926423 -19.9953 69.7042 23.6812 -4.74903 -1.5663 -7.75339 -9.19703 1.73899 -2.98245 3.76279 -5.72374 2.93795 -0.340028 0.907108 1.61039 -0.870882 -0.0251482 0.661823 -0.113229 0.0624316 0.901207 0.884177 -1.1701 2.67748 -0.0554838 
0.836121 0.377926 0.946487 0.909699 0.434782 0.618729 0.87291 0.157191 0.598662 179.731 59.7765 -93.2461 -52.8387 -40.9011 8.54439 -1.4466 7.74479 -0.162934 12.0819 2.4009 5.7208 -1.16316 2.32857 1.3175 0.268188 -0.354681 0.0183633 -0.301084 0.0117335 -0.354281 -0.0809218 -0.636242 -0.452904 -0.939796 
0.220736 0.983277 0.361204 0.438127 0.86622 0.64214 0.83612 0.986622 0.0836125 -498.427 -215.282 -21.5862 87.6492 -68.4221 -164.024 27.9694 4.87056 -7.72862 5.14689 -25.2357 -0.444366 1.46537 -0.721709 -9.45358 -1.03466 -2.19091 0.182087 1.99722 0.774454 -1.34894 1.69915 1.71155 0.0663052 0.406093 
0.638796 0.789297 0.371238 0.979933 0.056855 0.180602 0.735786 0.277592 0.531773 32.0324 100.113 0.487341 -31.0198 -14.5927 3.77617 -49.5901 2.51796 4.31377 7.14665 -14.0508 0.755391 -4.96554 4.92318 -0.828756 2.90327 -1.69828 0.120515 -1.01641 -0.0533982 -0.903455 1.27065 0.0926555 0.108715 -1.67426 
0.377925 0.892976 0.401338 0.384616 0.10368 0.110368 0.725753 0.61204 0.996655 -173.316 134.211 -61.9408 3.16928 -106.026 -82.7342 -60.2431 16.3688 19.1212 2.95603 -19.1812 -3.10674 -1.97117 -2.1309 -1.89456 0.116574 -2.99675 -2.64398 2.35673 1.67071 1.3628 -3.30182 0.141551 -1.28865 0.509015 
0.418058 0.575251 0.846155 0.130435 0.511706 0.759198 0.983277 0.38796 0.832775 148.397 -19.3238 -180.44 -13.4687 17.0639 -52.2803 24.8097 -21.904 41.553 13.4513 -4.219 -6.2891 -6.73652 -1.50956 0.0906545 1.20963 0.369871 -0.802 1.23989 -0.905762 0.402233 -0.325358 -0.146917 1.22524 -1.21457 
0.859533 0.494983 0.96321 0.892976 0.809365 0.578595 0.859533 0.287626 0.886288 89.4587 36.7925 -38.2262 -45.3054 -39.6219 8.05295 -7.03706 2.67688 -4.48605 8.72955 0.451041 3.4491 -1.02165 3.2698 1.18432 -0.660666 2.23245 2.20896 0.407825 0.755234 -0.213044 0.150898 -0.127801 -0.0583134 -0.414448 
0.548496 0.866221 0.658863 0.986622 0.217393 0.0100335 0.882942 0.311037 0.301003 -59.3287 68.7907 9.34884 -109.497 22.9209 -6.61759 -69.4411 6.55421 12.5641 -6.0983 -14.0264 5.42198 -8.42808 3.16358 -3.03753 2.33577 -1.7374 0.831908 -1.33073 -0.278913 0.905864 -1.48255 -0.086849 -1.43625 -0.321456 
0.257525 0.033445 0.906355 0.61204 0.173912 0.48495 0.0735775 0.929766 0.742475 252.893 -85.9016 43.7088 58.7444 -135.003 158.465 9.82265 -9.52226 10.0803 -40.3923 -8.77501 3.00579 -10.0595 -3.7156 5.90957 -0.364436 0.205898 -1.12435 3.15118 4.81513 -0.568052 -0.232124 -1.21318 -1.85786 -1.15614 
0.966554 0.926421 0.441471 0.35117 0.374582 0.19398 0.759198 0.147157 0.892978 45.2657 128.357 -10.1784 45.8076 27.0932 -30.9508 -11.3129 -17.7157 3.9748 5.70695 -1.91489 -4.49172 -3.09075 -1.06501 1.86534 1.30144 1.38536 -1.46983 -0.322128 -2.05653 0.968913 1.80816 -0.211375 -0.659862 0.522904 
0.267559 0.44816 0.966555 0.117057 0.0200675 0.458194 0.438127 0.578595 0.183948 64.6232 -250.92 146.917 45.4354 -70.1342 63.7039 -0.199358 -21.5798 -30.5406 26.964 -21.3827 -5.84381 -5.44036 -3.53123 0.317573 -3.47004 -1.89224 -0.961097 1.30773 2.0858 -1.06488 1.13026 -3.38391 -2.57845 0.896011 
0.622075 0.585285 0.474916 0.501672 0.575251 0.789297 0.0133775 0.879598 0.35786 -6.44529 -23.727 91.6384 11.9821 9.60961 -2.24809 19.1915 5.43586 -15.6154 -8.98725 -0.471531 0.0237123 7.2334 -0.113154 -1.83883 -0.568212 0.100933 -1.4163 -1.00028 1.6692 -1.76471 -0.0722121 -0.748612 0.983698 0.411595 
0.668896 0.625418 0.0869575 0.508361 0.625418 0.658863 0.408027 0.83612 0.167225 46.8109 16.8124 108.828 34.295 29.0356 30.2944 2.95111 -12.831 -5.96236 -15.2146 -8.70911 -7.66605 3.45355 -1.33286 -3.9118 1.10748 -0.702136 -1.31626 -0.406838 -1.25887 -0.344387 -0.910833 0.160486 1.20017 0.0192713 
0.448163 0.882943 0.26087 0.755853 0.58194 0.862876 0.86622 0.197325 0.84281 -97.0171 298.968 -94.6639 5.80751 -47.819 41.1981 -2.50008 -30.9556 23.0749 15.8637 -3.88756 2.38553 -9.06037 -2.04847 0.33018 0.642936 2.37591 -0.931052 3.3843 -2.20938 -1.70222 0.492953 0.278516 -2.00456 0.430992 
0.919733 0.812709 0.0100325 0.143813 0.762542 0.210703 0.367893 0.58194 0.645485 77.0483 19.0248 60.055 57.9553 42.6373 -34.6193 -16.1227 -22.2388 4.41934 -4.347 -1.82324 -6.37464 -1.90183 -2.92597 1.35891 -0.123696 0.816769 1.02542 0.14192 -0.100089 0.0449309 0.932218 1.08198 0.408605 -0.330236 
0.0301004 0.628762 0.41806 0.618729 0.9699 0.55184 0.0468225 0.765886 0.565218 -246.432 -114.297 -114.242 52.5509 14.0662 22.3256 -20.3735 15.8154 3.00248 -0.574033 11.8085 -7.2163 -2.17611 2.73343 -1.46157 0.818712 0.590018 -0.881801 0.407741 1.11697 -0.143709 0.366158 -0.778981 -0.739293 -0.524163 
0.759196 0.444816 0.267559 0.745819 0.270903 0.541806 0.210703 0.133779 0.341137 260.247 65.448 -73.3516 -7.94503 -21.5831 5.75627 -19.9076 -3.82768 -3.45106 8.98764 -1.54221 -0.555076 1.13186 1.71747 -0.0709662 0.585145 -0.129512 -0.0268643 -0.549653 0.819737 -0.308798 0.342488 0.24293 0.457766 0.027386 
0.578596 0.0100335 0.765887 0.090301 0.130435 0.190636 0.608696 0.862876 0.277592 238.249 -231.615 100.746 -13.9112 65.0529 -72.3813 6.2697 32.0749 22.1295 -9.71494 1.3141 5.05915 -2.14028 -0.630471 -1.6256 -1.07759 0.0879063 0.658851 0.660606 -0.973902 -2.01507 1.67593 -1.13854 0.103107 0.705776 
0.384617 0.274247 0.0468225 0.381271 1 0.802675 0.00334501 0.127091 0.03679 -19.3338 287.329 192.33 32.3328 84.4213 87.3028 87.1639 19.4497 -25.4305 -5.12578 23.5145 14.1799 0.140698 5.11039 -0.484253 -1.68249 0.000462336 -0.376714 3.35804 -1.31193 0.698947 -0.916352 -1.33295 0.164473 0.46541 
0.983279 0.916388 0.565218 0.876254 0.254181 0.528428 0.528428 0.153846 0.852843 38.5673 124.647 -26.7715 2.26711 -10.2727 -2.87797 -14.0908 -7.11361 -3.47571 8.4388 -5.24724 -0.620852 -1.13833 0.966489 1.20086 -0.487725 1.46236 0.361919 -0.28376 -1.15041 0.252585 0.403588 0.571508 -0.317675 -0.922314 
0.806021 0.785953 0.695652 0.688963 0.0869575 0.832776 0.100335 0.705685 0.561873 -31.2662 53.1234 42.4175 3.53954 9.69509 -18.7826 8.90682 8.18308 -3.41263 0.798653 -3.20805 2.36621 1.26803 1.31462 0.569621 1.576 2.57256 -1.3166 -0.256305 -0.801731 -0.0179159 -1.14072 -0.798162 -0.69927 -0.292812 
0.033445 1 0.839465 0.120402 0.274247 0.0735785 0.795987 0.959866 0.377926 -252.808 -114.183 -118.634 50.2379 10.0924 25.3739 -19.1163 13.5689 3.8278 -4.10097 9.77824 -4.69488 -1.15588 2.41445 1.41934 -0.266361 2.34649 0.738678 0.251823 -0.0950475 -0.636954 0.377225 -0.00030869 0.555572 -0.172785 
0.986621 0.063545 0.795987 0.103679 0.725753 0.839465 0.297659 0.381271 0.0903 300.305 18.4789 -83.9182 9.8382 4.1802 -19.6416 20.4993 -1.84965 4.06392 7.62975 9.79587 1.07782 1.61199 -0.224762 0.875145 -1.30423 0.0123422 -0.75967 -0.343399 1.32206 0.56145 1.45892 -0.652792 -0.0769897 0.0771702 
0.140468 0.234114 0.849497 0.725753 0.752508 0.702341 0.672241 0.525084 0.795987 -120.646 23.3798 75.2513 -54.2042 -48.6354 6.33636 32.3785 -26.1801 12.8871 -0.849485 17.0656 -7.20381 -1.53531 9.51696 -5.12598 0.474713 -0.532633 0.352027 -0.250968 -0.479711 0.113669 -0.736682 -0.129039 -1.18167 0.517621 
0.745821 0.297659 0.70903 0.872909 0.160535 0.535117 0.421405 0.0434785 0.441471 275.871 47.8618 -116.156 -50.4013 -37.5713 -2.65304 -16.4149 10.9257 0.695402 15.0586 2.20543 6.12169 -0.264022 3.46664 0.446857 0.761011 1.62486 0.46523 -0.0819734 0.893712 -0.797747 0.404289 -0.716367 -0.463693 -0.0440235 
0.993312 0.204013 0.214047 0.297659 0.578595 0.80602 0.949832 0.331104 0.665552 308.291 -23.8071 -59.3973 6.84741 -12.1443 -1.29316 32.0634 0.635778 1.94113 7.70642 8.86477 -0.213083 2.33419 -2.94963 1.29238 -0.85373 -0.311817 0.18554 -1.19234 -1.11202 0.341337 -0.304366 0.0746156 -0.249614 -0.195517 
0.16388 0.070234 0.505017 0.240802 0.916387 0.35117 0.404682 0.070234 0.461539 -138.015 26.747 59.6488 -56.1386 -32.7525 -11.9237 48.047 -9.44913 20.0005 8.55316 -6.13646 -7.95511 2.3694 -0.768866 -3.57179 -1.18818 0.54425 -0.0510549 0.690589 -0.184559 0.112765 -0.807007 -0.579028 -0.433465 -0.206923 
0.996654 0.247492 0.521739 0.397993 0.588629 0.491639 0.0802675 0.237458 0.943145 232.236 -35.9335 -17.5719 12.0689 3.35221 -32.7409 -10.5508 -6.43013 3.90625 5.60414 4.72177 0.704548 -0.868896 0.0750869 2.07224 -0.381763 -0.265633 -0.301959 -0.0338662 0.395795 0.514952 0.245888 0.0780334 -0.385937 0.405862 
0.528429 0.127091 0.598662 0.0735785 0.250836 0.933111 0.979932 0.602007 0.364549 255.644 -79.1837 18.2342 -17.84 47.7479 9.49843 56.2438 23.6626 33.7247 -0.50161 -3.51203 -0.781783 -4.43293 0.0558958 -2.05148 0.53253 -1.27326 -0.522726 2.95887 -0.694329 1.35825 0.448587 0.617655 0.0569745 0.0674681 
0.678929 0.538462 0.535117 0.625418 0.9097 0.795987 0.765887 0.632107 0.361204 77.6618 22.5516 9.19649 -23.1967 -5.3129 33.0542 16.967 -9.21399 -3.38943 -6.34553 0.867019 -1.4099 0.801518 -2.07053 -1.47286 -0.198234 0.211414 0.551957 1.21705 0.281248 0.0233435 -0.088396 0.637842 -0.52322 -0.0637566 
0.468229 0.501672 0.377926 0.377926 0.628762 0.200669 0.491639 0.785953 0.923077 -31.175 -7.81807 60.3381 112.139 -56.2411 -69.6314 -11.2481 -24.043 -0.828084 10.4932 1.04958 -0.0451425 -3.4971 -0.513727 5.61214 -0.187084 -0.871575 1.27562 0.0588554 1.61604 2.01137 0.164987 0.452264 -0.2078 -0.499184 
0.240803 0.428094 0.421405 0.45485 0.207357 0.488294 0.220735 0.859532 0.859533 -111.378 77.8308 -67.997 -82.1325 -65.5676 60.3121 27.7626 -26.3335 18.542 -55.486 0.906306 -3.8057 -2.86581 1.00353 8.12219 1.30245 -0.369267 -1.58212 -1.44756 1.78944 -0.558966 -1.3102 -1.22844 -0.556267 -0.0537016 
0.742475 0.461538 0.876255 0.050167 0.0903 0.9699 0.254181 0.936455 0.204013 50.145 -3.00352 45.768 21.9923 57.0228 -42.7058 55.7057 24.523 7.0666 -5.31445 4.79769 4.95793 2.61542 -0.990177 -0.907832 -0.170357 -0.654135 -1.50029 -0.0429321 0.657197 0.381893 -1.26446 -2.17942 0.152877 -0.159155 
0.933112 0.61204 0.672241 0.622074 0.591973 0.822742 0.334448 0.29097 0.0468225 157.339 125.111 -83.8553 -10.4832 -13.955 6.75126 0.291315 -3.09422 -3.45794 8.68548 1.2544 -0.31807 0.417045 1.19476 -0.638059 -0.0254625 0.55982 0.154079 -1.15059 -0.277932 -0.616863 -0.0440376 -0.757159 0.0520726 0.357474 
0.956521 0.692308 0.180602 0.304348 0.96321 0.899666 0.665552 0.431438 0.80602 128.358 44.3633 -12.0838 19.1467 -5.46608 8.26965 23.393 -8.3492 -4.30752 3.59927 2.18918 -4.15432 2.21293 -1.6885 0.716558 0.184517 0.0133049 -0.305465 -0.286794 0.245196 0.962128 0.425485 0.993871 -0.0879555 -0.0118078 
0.765888 0.0802675 0.622074 0.715719 0.906355 0.652174 0.51505 0.772575 0.585284 216.735 -154.491 35.575 -39.3519 -28.0287 5.51479 2.23727 1.6291 -3.23778 -3.28996 3.6917 3.12071 1.51855 0.663186 0.00368255 -0.313834 -1.33356 -2.26182 -0.854066 -0.6634 0.218395 -0.308052 -0.170434 -1.02531 0.841725 
0.344482 0.153846 0.976588 0.033445 0.919733 0.779264 0.307692 0.0535115 0.90301 566.431 34.3681 -308.661 86.2995 42.6299 37.2775 67.3514 -9.80966 5.53332 -16.5546 -16.8811 0.89863 1.83033 2.62352 -8.06641 2.03923 -2.94325 0.792213 -0.965349 -2.57093 0.0383853 -1.579 -2.58658 1.68472 0.798089 
0.842808 0.434782 0.668896 0.64214 0.391304 0.64883 0.197325 0.775919 0.79933 69.515 -70.074 66.4956 -2.3481 3.4206 -22.8144 0.674673 5.38374 -0.881389 -1.69783 0.118935 2.47398 0.663503 1.71721 0.629623 -0.34749 0.613738 0.225516 -0.347595 0.691264 0.371292 -0.175608 -0.204009 -0.321129 -0.445851 
0.585283 0.32107 0.555184 0.247492 0.0535125 0.585285 0.632107 0.826087 0.284281 121.433 -92.642 90.9246 -7.90541 45.6845 -23.8111 24.4402 32.153 15.4814 -6.62195 -7.21298 3.62049 0.0123244 1.87269 -2.44359 0.952221 -0.0478285 -0.323929 0.299564 0.0515026 -0.663526 0.635062 0.333243 -0.326738 -0.835454 
0.197325 0.451505 0.19398 0.224081 0.879598 0.662207 0.16388 0.672241 0.702341 -248.454 52.1287 -101.727 -96.5708 50.6231 -1.75432 70.3424 -6.57057 38.32 0.152888 -25.0526 -9.52983 7.23909 4.93636 7.34517 -0.447369 -2.09664 -0.86437 -3.42909 1.33818 -0.135602 0.459098 -0.481481 -0.12461 0.190766 
0.976587 0.64214 0.337793 0.849499 0.284281 0.729097 0.96321 0.993311 0.525084 58.2429 -42.9582 66.9382 -10.7765 0.25458 11.8655 14.7699 7.80818 -1.12918 -5.90801 -3.98993 0.533588 1.57414 0.513802 -0.683743 0.447909 0.023338 -0.185553 -0.770755 -1.56991 -0.104988 -0.73068 -0.194778 -0.357383 0.408847 
0.779262 0.183946 0.638796 0.234114 0.38796 0.177258 0.9699 0.638796 0.173912 228.545 -56.4206 11.3065 8.6342 43.825 -34.6814 1.5189 -0.232846 16.0518 -5.44715 3.54069 1.71328 -3.70041 -1.29118 -1.30191 0.115646 0.391145 0.353991 0.809962 -0.0360325 0.435882 0.440119 -0.177744 -0.750538 -0.552631 
0.391304 0.829432 0.541806 0.200669 0.304348 0.892976 0.468227 0.946488 0.16388 -277.711 -67.7104 176.554 -60.9414 50.8444 -9.79939 64.5031 30.3055 0.0908898 4.27781 -9.785 -4.90773 0.992982 0.598912 3.21497 2.0555 0.764402 -1.8833 0.763255 0.527323 0.67633 -0.142323 1.32401 -0.435524 0.35626 
0.795988 0.250836 0.220735 0.862876 0.54515 0.571906 0.832775 0.742475 0.367893 230.71 -105.134 31.7303 -31.4195 -22.3305 24.0005 -3.17772 1.39274 -0.768189 -4.42724 -3.09119 0.748011 0.969428 -0.0817783 -1.29595 0.192854 0.224792 0.0567239 -1.66059 -1.7113 0.732605 0.883559 0.0256809 -0.350313 0.825373 
0.0702342 0.568562 0.859533 0.183946 0.113712 0.588629 0.391304 0.190636 0.13378 -254.727 -107.605 -107.096 39.1654 -2.14208 25.938 -13.0166 1.16908 9.29625 -7.36593 7.22718 0.159971 4.33004 4.53901 2.70394 0.622786 -0.811234 0.0533585 1.50314 -0.418499 0.580897 0.648516 0.376144 0.285305 0.336733 
0.66555 0.471572 0.602007 0.949833 0.565218 0.608695 0.99331 0.989967 0.314381 21.8036 -104.337 96.3725 -63.7946 -3.49443 31.1795 0.0900599 8.18594 3.47717 -12.9637 -5.69277 3.88737 -2.1643 -0.41068 -3.60064 0.0785461 1.27442 0.739041 1.48547 0.180633 1.0872 -0.0114301 0.199557 0.166682 0.380992 
0.989967 0.421405 0.354515 0.953177 0.862875 0.354515 0.54515 0.434782 0.23077 219.32 -18.3716 -32.3733 -40.8118 -30.8646 7.77148 -32.6958 -3.60409 -1.61393 4.09924 -2.20539 2.36297 -0.845454 1.97282 -0.0263131 -1.06486 0.143464 1.15203 -0.234631 -0.348951 -0.644463 0.320699 0.10157 0.410838 0.0531942 
0.913042 0.652174 0.481605 0.605351 0.802675 0.441471 0.327759 0.692308 0.130435 86.3928 24.76 23.5776 -4.0376 8.28665 -6.53553 -20.7161 -7.22729 -1.03585 -3.13862 -3.67739 -0.473433 -0.668283 -0.348716 -0.617665 -0.0760841 0.678183 -0.455886 0.0979974 -1.45366 -0.367929 -0.275258 0.280173 -0.63817 -0.0710258 
0.54515 0.438127 0.712374 0.799331 0.394649 0.297659 0.869565 0.324415 0.026755 151.08 -19.9344 2.12761 -118.674 52.7424 26.035 -35.5047 10.8614 14.4133 -17.463 -4.38257 3.59323 -4.87962 -0.0933886 -6.28324 -0.655402 -0.455894 0.639814 0.440834 -1.25825 0.681814 0.500419 -0.41835 0.022002 -0.401335 
0.110368 0.782609 0.652174 0.063545 0.51505 0.943144 0.565218 0.374582 0.41806 -243.343 -84.3482 -78.5 13.1994 -8.58534 16.936 1.81593 -8.10487 9.47336 -2.44411 0.59706 0.150388 3.85497 2.08222 -0.190573 -1.46961 0.518846 0.969016 0.364913 -0.529085 0.158955 -0.156426 -0.225334 0.00993693 -0.107092 
0.762542 0.682274 0.45485 0.913043 0.247492 0.381271 0.207357 0.605351 0.120402 63.6208 32.522 29.2374 -24.454 4.26876 -1.44285 -34.7049 2.21555 -2.33674 -4.0024 -7.42647 1.67141 -0.409828 2.33941 -2.59717 1.07302 0.736683 1.50347 -0.844116 0.778405 -0.74131 -0.760983 -0.156909 0.18255 -1.2257 
0.749162 0.354515 0.79933 0.732441 0.361204 0.772575 0.622074 0.889632 0.0501675 111.168 -54.3413 29.6143 -51.6629 5.5998 7.79945 15.5099 20.3318 1.4281 -8.63559 -1.11126 6.77401 1.47809 1.81859 -2.78292 0.325404 -0.315899 0.251479 -0.0699778 0.158113 0.270915 -0.98447 -0.577548 -0.834888 -0.493235 
0.0903008 0.896321 0.0301 0.652174 0 0.020067 0.819398 0.943144 0.762542 -269.522 -133.774 -154.99 59.9633 41.3602 39.5375 -30.2156 24.2386 -23.2952 7.92753 9.97636 -1.53667 -18.2617 -1.42626 -2.325 -2.19289 -0.245371 -2.68437 -3.92206 1.9059 -0.173963 -2.34221 1.45315 1.21929 0.0537772 
0.494983 0.280936 0.943145 0.187291 0.702341 0.765886 0.204013 0.120402 0.966555 328.559 10.3325 -267.878 4.02812 -73.6111 -65.7764 60.1765 -6.20358 -12.7742 24.3436 25.2583 1.03306 3.48981 -5.00509 5.47845 -2.83156 -2.66506 -0.657103 -0.222401 0.647162 -0.924809 0.482822 2.68245 -1.27554 -1.3326 
0.949833 0.879598 0.949832 0.334448 0.882942 0.936455 0.668896 0.675585 0.916387 -87.2731 94.4756 43.4036 18.9814 14.5589 0.366099 27.5992 -1.86669 -5.3093 -0.431443 -1.34928 -2.06931 0.901334 0.143052 0.0932634 1.32734 -2.77841 -3.43301 1.69219 2.74502 0.272347 -1.18353 0.036869 1.11366 1.59813 
0.531771 0.9699 0.64214 0.645485 0.0301 0.518395 0.0501675 0.247492 0.652174 -67.4274 166.253 -83.2527 -50.0221 -52.9927 -37.9004 -7.23136 40.9597 -21.1163 19.7706 -6.02389 4.4153 3.87004 5.92485 -0.395967 -1.10353 -1.36954 -2.66005 -1.22501 0.837815 -0.938493 -0.756218 -0.168385 0.879531 0.822556 
0.444817 0.284281 0.03679 0 0.645485 0.0434785 0.120402 0.113712 0.287626 130.59 236.851 142.154 121.13 63.1576 3.05144 -12.1228 9.33085 -18.0749 -8.00284 -0.694062 1.81368 6.99188 3.77566 -2.88635 2.72262 3.82501 -0.534375 -0.324316 0.967762 2.42982 -3.34822 -2.17842 -0.0662728 -0.776998 
0.441471 0.531773 0.856187 0.153846 0.424749 0.217391 0.143813 0.9699 0.575251 -8.97947 -207.346 37.6966 12.468 -17.803 -114.373 30.5252 19.8617 -25.6148 -3.44234 -0.420207 -0.449784 4.91588 -2.68178 2.91288 -0.543521 0.407972 -1.20238 -0.629301 -0.217518 -0.0489134 0.198658 1.6119 0.396898 -1.40206 
0.775921 0.832776 0.461539 0.719064 0.892978 0.090301 0.558529 0.0602005 0.9398 43.3824 112.83 -27.1853 6.58242 -19.8291 -13.4661 -46.8894 -25.989 -4.33696 9.89518 -3.79226 -2.79982 -3.82511 -0.287457 2.91293 1.23637 2.33112 1.43534 -0.412265 -0.668663 -1.7665 0.354522 -0.0568702 0.837247 -0.78597 
0.725754 0.177258 0.745819 0.301004 0.100335 0.605351 0.645485 0.424749 0.237458 267.781 -7.80188 -53.8343 -11.4527 22.3444 -25.986 22.7237 17.9065 12.2784 3.80763 5.9048 4.41225 -0.862861 1.00028 -1.25186 -0.15585 0.671155 -0.084683 0.595968 0.312536 0.273823 0.0781684 -1.20002 -0.304015 -0.981878 
0.103679 0.565218 0.749164 0.324415 0.438127 0.367893 0.618729 0.892976 0.518395 -245.766 -80.2962 -70.937 11.8123 -33.5644 9.46461 6.08334 -18.2083 9.00155 -22.0584 -3.1303 4.57743 2.45134 7.0687 4.96046 -2.96833 -1.40218 0.920516 -0.635106 -0.0691395 0.860078 -0.196787 0.887557 0.24243 0.400638 
0.481604 0.384616 0.869565 0.866221 0.110368 0.531773 0.331104 0.421405 0.675585 192.999 -116.193 -110.799 -116.529 -96.2515 -19.114 -6.41308 30.1492 -15.0785 13.1953 -1.73497 2.36646 3.30045 1.43075 -0.27193 1.13642 0.0834329 1.52019 -1.61299 0.809337 0.653126 -1.68578 1.20195 -1.40829 0.929465 
0.568563 0.173913 0.55184 0.294315 0.535117 0.0535115 0.20067 0.020067 0.618729 337.291 18.5287 -85.967 29.3544 -7.39334 -50.6233 -31.1395 -11.264 -5.03677 11.735 7.18411 -0.0460535 1.72954 0.167023 2.93095 -0.6142 0.484704 -1.21188 -0.05647 0.960104 0.29407 0.0614474 0.291101 -0.0738732 -0.60589 
0.200669 0.331104 0.00334501 0.933111 0.99331 0.595317 0.829432 0.397993 0.491639 -348.133 -9.66236 -80.3684 -68.8027 22.9285 -87.1683 27.3512 -23.1286 -21.5775 -8.39535 -19.306 2.66666 8.32086 4.25514 -1.55362 3.20126 -0.977141 1.38856 2.54006 -0.552729 -2.29008 3.04629 2.04198 -0.388143 -0.680173 
0.183947 0.775919 0.715719 1 0.531773 0.408027 0.0903 0.367893 0.424749 -168.834 -51.4124 -43.09 -14.9637 0.874027 77.0324 21.2217 -26.5484 16.3198 16.3768 -0.0188939 14.1954 -4.44908 -0.803095 0.00201831 -3.53657 4.88311 -0.186453 -2.90814 -0.0887864 0.433741 -2.13303 2.03182 0.807831 0.700883 
0.876254 0.317725 0.826088 0.254181 0.77592 0.826087 0.267559 0.535117 0.662207 147.743 -5.66361 -7.68941 9.7371 6.21764 -20.343 19.4683 0.799912 0.0267378 3.00145 6.46491 1.17656 1.43731 -1.02915 1.22004 -0.704475 0.0280067 -0.536198 0.218326 0.314048 0.19693 -0.235786 -0.410826 0.140297 -0.143431 
0.943146 0.511706 0.311037 0.662207 0.729097 0.926421 0.55184 0.849499 0.150503 146.261 -19.4711 11.6818 -17.0622 -11.2599 19.1262 14.321 3.02332 -4.31914 -2.13096 -0.176165 0.0852034 2.84952 0.0885093 -1.70219 -0.144703 -0.5215 -0.806798 -0.611134 0.364337 0.248101 -0.0593465 0.430005 0.126877 0.00188746 
0.655517 0.862876 0.762542 0.765886 0.61204 0.494983 0.849497 0.123746 0.471572 9.9885 179.111 -93.7294 -49.9923 -9.35906 9.84998 -15.4697 -2.1388 1.99436 8.64565 0.466261 2.48556 -4.01967 -0.384214 -0.855312 0.800954 0.386497 -0.492839 1.73197 0.206324 0.211986 1.72887 -0.539537 0.419545 -0.185882 
0.280937 0.906354 0.130435 0.54515 0.568562 0.341137 0.381271 0.51505 0.107022 -566.777 35.0798 106.513 -111.427 -19.7081 -99.7586 67.2737 -18.9114 -20.4952 14.4415 14.8559 -0.138773 -13.95 -1.6506 -0.38174 2.67917 -0.715689 -3.16147 0.736086 -3.24802 0.382565 -0.162734 0.0834774 2.24443 -0.328007 
0.628763 0.852843 0.879598 0.548495 0.598662 0.735786 0.682274 0.973244 0.0200675 -153.511 21.4378 85.0158 -61.9598 56.3906 -2.52121 24.1406 18.2073 5.04662 -22.1063 0.0588518 4.08576 -2.36251 -0.728532 -5.4719 -4.52341 0.979516 1.17794 1.84021 -0.249506 -0.158176 0.412391 -0.211337 -0.548909 -1.59479 
0.130435 0.799331 0.568562 0.250836 0.665552 0.0167225 0.371238 0.0936455 0.628762 -224.993 -45.8599 -58.41 -35.7063 16.8025 20.3749 18.9669 -19.0876 -8.80368 15.8049 -9.1516 2.94722 -3.91604 -2.11232 -3.06153 -1.94302 0.944225 0.0813189 -1.43798 1.20159 0.218732 -0.805669 -0.353921 -0.59576 -0.18401 
0.618729 0.458194 0.9398 0.210703 0.48495 0.344481 0.655519 0.19398 0.0167225 183.545 77.19 -87.7631 -52.4997 68.1882 -34.2671 0.807739 14.69 16.0483 -7.07373 7.73335 5.46526 -4.32242 -1.77851 -3.46563 -1.45079 0.481052 0.0678362 0.851526 0.208737 1.78747 1.39999 -0.980687 -1.07343 -1.01744 
0.458196 0.0668895 0.040135 0.565218 0.301003 0.889632 0.107022 0.809364 0.602007 132.162 22.3231 164.327 89.035 -108.602 68.6456 30.9948 26.4566 -19.8067 9.76504 -13.1723 0.0706072 9.67652 6.49294 -1.01717 -0.272743 1.28691 -0.961783 -0.655281 -2.08143 0.906606 1.25212 -0.190875 -0.0770315 0.499005 
0.505017 0.702341 0.22408 0.528428 0.408027 0.187291 0.110368 0.73913 0.478261 -117.732 54.7169 158.629 59.9493 -4.80348 -20.9103 -26.5802 3.67134 -23.2772 -3.66866 -10.3233 -0.455334 4.19999 2.31698 1.00619 -0.11923 2.86492 -1.17961 0.48735 -0.181042 2.91466 -1.81123 -0.713047 0.942486 2.08362 
0.752508 0.658863 0.13378 0.26087 0.488294 0.591973 0.257525 0.608695 0.0434775 122.195 72.4831 28.1411 45.5245 41.4446 -2.69796 3.12955 -11.4414 -0.884559 -7.02269 -3.05684 -6.26765 2.03958 -2.19307 -2.11327 -0.743464 -0.627993 -0.261216 -0.105393 0.198909 -0.497664 0.00327673 0.407115 0.588204 0.28831 
0.702342 0.481605 0.117058 0.635451 0.889632 0.280936 0.792643 0.933111 0.899665 42.5837 -126.586 149.726 37.7589 -3.02082 1.26231 -17.1577 -28.1626 -1.4055 -8.24227 -6.15793 -6.86281 -1.7379 -2.3947 3.4751 0.0274713 0.33062 1.49131 0.411264 -1.02956 -0.798807 -0.296146 1.56226 0.169262 0.848113 
0.923075 0.959866 0.655519 0.702341 0.638796 0.725753 0.575251 0.869565 0.913042 -114.893 33.041 98.2153 5.80328 9.6684 -0.556642 5.37934 -1.03471 -5.4166 -5.94515 -6.31628 -1.34084 0.976198 -0.640532 0.427936 1.9775 -0.577833 -0.864806 0.2017 0.954081 -0.0890305 -0.583643 -0.141747 0.0569477 0.776623 
0.906354 0.210703 0.632107 0.809364 0.177258 0.538462 0.816052 0.103679 0.882942 267.432 -4.90574 -73.1389 -22.6108 -30.8197 -5.95657 1.08308 5.15628 1.71559 13.4278 4.02652 3.57768 0.0869868 2.43945 1.71373 -0.00759037 -0.354275 -0.595356 -0.387101 -0.166209 -0.828575 0.351387 -0.54454 -0.318433 -0.0780679 
0.535117 0.54515 0.0167225 0.67893 0.705685 0.73913 0.117058 0.494983 0.715719 40.3543 137.819 55.7655 92.9327 -64.873 49.8774 5.12478 -26.9882 -29.1676 6.93143 -5.99776 -5.39746 8.39481 2.37646 1.33322 0.770515 -0.970614 0.391704 -3.23603 0.484313 -0.0489688 -0.760935 1.22627 -1.25567 -1.20109 
0.929767 0.103679 0.882942 0.665552 0.983277 0.0301005 0.772575 0.846154 0.498328 157.136 -139.829 65.7067 -34.3682 2.95469 -23.9338 -30.6615 0.31081 5.80862 -7.03958 0.791011 4.44245 -3.53565 -0.112327 -0.749979 0.0125027 0.0072866 0.552358 -0.125111 -0.410942 0.069961 1.06342 -0.30038 -1.04065 0.608505 
0.244147 0.561873 0.06689 0.505017 0.384616 0.752508 0.428094 0.344481 0.765887 -286.206 199.62 -122.057 -192.955 19.9159 14.018 44.6653 -35.5122 16.9155 -31.4589 13.9881 -9.24687 3.26272 3.61792 1.52773 4.76346 -1.79499 2.53959 -4.45156 0.43503 0.0729119 -0.551392 -1.6254 0.575305 -0.398865 
0.612042 0 0.0535125 0.0434785 0.979932 0.347826 0.033445 0.568562 0.113712 339.63 -61.7357 90.0341 100.114 57.7761 8.66208 -6.27455 -34.3646 -10.2315 -19.397 4.39567 -10.9288 6.82999 -4.85703 -3.01021 -0.42929 -0.638457 -0.136834 -1.9764 -0.293218 -0.197489 0.171095 1.17079 -0.179746 -0.0257801 
0.729096 0.608695 0.32107 0.431438 0.732441 0.96321 0.76923 0.645485 0.93311 54.8797 16.4915 31.5955 29.4211 -16.2803 15.7648 39.6517 -9.09052 -4.98604 4.45 0.987849 -4.91558 2.30439 -1.78458 1.86152 -0.159013 0.0340619 -0.175615 0.728606 0.204607 0.553566 0.0136747 1.15802 1.03716 0.267402 
0.0535117 0.712374 0.438127 0.0301005 0.899665 0.755853 0.377926 0.882943 0.822742 -252.996 -110.657 -115.949 42.455 14.493 27.5267 -16.225 10.7831 2.86326 3.29186 7.55814 -2.60817 0.162089 -1.76922 -0.725712 2.70818 1.13495 -0.579334 0.0693549 0.519851 -0.655642 -0.157343 -0.582893 -0.306377 -0.0545264 
0.264214 0.578595 0.578595 0.956522 0.461539 0.692308 0.892978 0.518395 0.26087 -191.619 -154.185 87.4691 -2.06458 -14.1766 2.49194 -31.8258 -48.9766 -24.0389 31.022 3.62859 11.5496 8.55704 4.64605 -2.86964 -1.4297 -0.497515 0.813962 1.12714 -0.87319 1.10701 -0.386698 0.646239 -1.4359 0.289954 
0.314381 0.973244 0.120402 0.421405 0.234113 0.09699 0.956522 0.227425 0.792643 -342.878 286.548 -37.5117 -112.978 -10.495 -75.3654 -81.3846 6.11367 15.2612 -10.7071 4.15794 3.32942 11.9102 -8.6548 -1.11183 -5.25655 -3.66745 -6.19112 1.71279 -0.208064 3.02185 0.667459 0.244182 1.971 0.0385266 
0.143813 0.558529 0.347826 0.598662 0.852843 0.842809 0.946487 0.364549 0.197325 -286.204 -106.425 -87.6127 35.9512 -40.8519 -31.5512 3.588 6.33999 -7.00891 -26.2175 -14.9554 -3.23814 -2.75536 -2.85791 1.71533 -0.910075 0.274095 -0.385941 2.12325 0.783307 -0.24607 -0.123306 -1.1948 -0.355687 -0.650768 
0.675583 0.749164 0.234113 0.113712 0.183948 0.916388 0.541806 0.280936 0.81271 81.5464 166.363 -38.1258 75.407 9.56298 -9.32754 46.2855 -4.50601 2.14252 15.1154 -2.85682 -5.25076 1.76778 -0.0821723 2.51095 1.25731 -1.01907 0.272628 -0.220503 0.0191414 0.881151 -1.84712 1.09951 -0.592638 -0.0365386 
0.769229 0.518395 0.197325 0.414715 0.197325 0.568562 0.137123 0.404683 0.876255 154.97 4.81207 17.6366 47.4182 3.3864 -28.7729 1.04469 -7.02183 -1.48678 7.43105 -0.60466 -3.49798 1.29891 0.620977 2.36437 0.297142 0.583741 -0.486435 -0.279535 -0.0601633 -0.106323 -0.630544 0.0567485 1.01693 -0.0572694 
0.347826 0.110368 0.381271 0.826087 0.354515 0.695652 0.464883 0.695652 0.725753 92.7843 12.9004 40.3987 3.52347 -135.48 60.5973 -2.35077 -4.95154 8.3623 -10.2609 -0.700742 2.5335 0.71833 -2.98219 -2.90247 -1.66078 -0.393469 -1.05426 1.24697 -1.5709 -2.70713 0.860519 0.714444 0.358978 -0.800947 
0.277592 0.508361 0.755852 0.588629 0.745819 0.548495 0.294315 0.625418 0.508361 41.529 -74.3783 -7.44213 50.7084 2.28538 38.5255 38.1005 2.80892 -6.19514 -1.20144 -17.0874 7.70046 -7.52102 2.3768 1.06494 -0.0392644 0.52983 -0.708732 1.05885 -0.79709 -0.392607 1.15969 -0.262461 1.13425 0.557127 
0.538463 0.819398 0.608696 0.923077 0.35117 1 0.752508 0.896321 0.732441 -155.283 -12.2443 39.878 -58.2973 -58.1141 18.6964 29.3973 12.2146 1.21244 7.4274 -5.35377 2.34457 -4.03937 2.97858 0.708221 -1.98419 -0.975644 1.93872 -0.703513 -1.74137 0.534752 0.399089 0.136173 0.335063 -0.583323 
1 0.0468225 0.789297 0.344481 0.538461 0.775919 0.591973 0.270903 0.685619 282.023 -15.369 -63.6098 -1.26748 -9.60125 -15.3723 20.9977 2.9132 2.17049 8.90323 8.22823 2.67519 0.995956 -0.0636716 1.55799 -1.06341 1.19676 -1.2413 -0.0360827 -0.384974 0.922369 0.0627001 -0.00540827 -0.798447 -0.43124 
0.120401 0.076923 0.056855 0.816054 0.849497 0.304348 0.913042 0.371238 0.505017 -278.293 -92.8632 -111.395 4.35079 -1.41018 -0.785256 6.96035 -10.8762 -22.9977 -15.1613 -22.9963 8.7258 -9.21902 -3.9412 6.49644 -2.81302 0.294855 -0.894792 -2.25253 0.932603 0.218446 -0.00306807 -0.35792 0.325545 -0.0996796 
0.732442 0.655519 0.384616 0.655519 0.662207 0.444816 0.561873 0.70903 0.67893 16.5906 -14.1276 73.8358 9.13231 -0.456049 -3.31498 -12.0399 -9.91506 -3.33323 -2.30005 -4.1048 -2.5908 -0.585195 0.319991 0.448902 0.157769 -0.949116 0.0965122 0.709386 0.293331 -0.0748115 -0.960323 0.884049 0.382157 0.428563 
0.625417 0.287626 0.217393 0.789297 0.03679 0.51505 0.785953 0.802675 0.274247 166.199 -97.9904 108.687 -21.1917 5.57153 32.3929 -9.40845 14.9413 9.17869 -9.32087 -14.9484 -0.121659 -0.606261 3.2672 -3.87528 1.74748 -1.13198 -0.326336 -0.027777 -1.07178 0.310741 1.07171 0.390466 0.498278 -0.771854 
0.839467 0.996655 0.464883 0.0167225 0.615384 0.063545 0.511706 0.55184 0.177258 -31.8465 145.048 40.9653 71.3851 74.7095 -46.0795 -20.4671 -21.5335 7.35939 -5.1119 -3.69476 -5.684 -3.92657 -3.53387 0.0146807 0.0637235 0.960318 -0.842683 2.27259 -1.45692 -0.27416 0.0401925 -0.549858 0.645392 2.24568 
0.0133779 0.989967 0.113712 0.675585 0.23077 0.070234 0.548495 0.628762 0.317726 -245.937 -117.248 -116.62 56.7904 15.4632 22.4103 -24.3237 19.198 2.00744 -1.5996 15.3502 -10.1329 -4.52964 6.23988 -1.74608 -1.30614 1.10382 -1.24779 0.384913 1.59942 0.203896 -0.0420897 0.494695 -0.138935 0.265568 
0.150502 0.147157 0.802675 0.571906 0.859533 0.244147 0.926423 0.0468225 0.802675 -70.1583 71.6714 136.532 -80.4689 -53.8033 -17.5743 37.711 -13.1315 -18.6616 -2.14933 19.7666 -14.6875 -18.4478 4.98375 -7.73678 1.87364 -0.387473 -0.540938 -0.223232 2.19412 -1.79425 -0.594441 -0.123294 -0.0811828 -0.0987166 
0.63545 0.244147 0.314381 0.498328 0.76923 0.35786 0.923077 0.45485 0.391304 237.523 -28.1528 18.4101 10.269 13.9432 20.9579 -10.8736 -23.695 8.50515 -6.78548 -0.195511 -5.84356 -4.02789 -1.84057 -1.60075 -0.504897 -0.532838 1.13963 1.15235 -0.705433 -0.271808 0.682356 0.864203 -0.21798 0.542946 
0.809367 0.949833 0.735786 0.0234115 0.946487 0.959866 0.742475 0.391305 0.397993 -26.4438 216.571 -49.2478 38.5579 26.3804 2.84583 42.1691 -10.7529 -2.34823 4.11205 2.09992 -3.28807 1.58466 -3.75259 0.655612 -1.53905 -1.76641 -3.15423 1.56658 0.0963288 0.291682 0.400306 0.698752 0.135026 0.487149 
0.882942 0.404683 0.585284 0.09699 0.605351 0.0602005 0.64214 0.688963 0.143813 149.037 -11.4704 32.2037 35.9947 53.5787 -46.8216 -12.4572 -11.6883 11.6236 -5.91342 2.82676 -1.59799 -3.58644 -2.49231 -0.176909 0.0984563 -0.268268 0.503764 0.511199 0.500084 -0.273509 0.584384 -0.0946697 -0.515236 0.265326 
0.695654 0.505017 0.294315 0.695652 0.29097 0.173913 0.247492 0.732441 0.180602 101.118 -46.377 93.2708 3.24171 26.8816 -14.3992 -39.3223 -1.6324 -0.144778 -10.2894 -9.43151 -0.217685 0.118917 1.21867 -2.17543 0.757284 0.316642 -0.456864 0.297808 -0.0869305 -1.06041 -0.735082 -0.832739 0.916544 0.91962 
0.428092 0.09699 0.90301 0.692308 0.571906 0.434782 0.692308 0.240802 0.29097 353.722 -195.54 -47.569 -103.292 48.7085 28.9006 -13.167 -23.5112 -1.55894 -9.64229 4.80227 -5.25417 0.674142 -1.80011 0.0226101 0.506012 1.15 0.746532 2.26521 1.98592 2.4823 -1.83612 0.609231 1.43067 0.876497 
0.946488 0.745819 0.558529 0.822742 0.311037 0.013378 0.702341 0.856187 0.170568 16.2677 3.94587 71.8531 -2.55526 25.2816 -21.0232 -35.1787 -5.24741 4.51082 -7.68483 -7.96483 0.806678 -3.88899 0.373509 -0.993829 -0.0406985 1.18692 1.18589 0.743085 -0.559963 0.60426 0.795419 0.164627 -0.418329 0.297629 
0.852842 0.107024 0.732441 0.013378 0.749164 0 0.147157 0.876254 0.705685 151.486 -163.599 110.02 41.1775 57.599 -78.7289 -20.0359 -9.40173 11.1886 -9.10915 4.67475 1.89571 -3.40607 -2.83908 1.7574 -0.566808 0.215284 0.20922 0.0119624 0.0178294 0.211538 -0.439352 0.370861 -1.41529 -1.0047 
0.35117 0.591973 0.431438 0.993311 0.923077 0.0936455 0.364549 0.682274 0.207357 -228.666 -67.9368 173.794 6.8699 32.5515 -23.4036 2.46031 -30.7972 -40.3556 -8.69721 16.2588 14.1765 -4.3573 4.47578 3.65404 0.892138 1.21837 1.97434 0.337552 1.14686 1.91236 0.206561 0.728546 -0.0386112 0.0869566 
0.307692 0.521739 0.264214 0.48495 0.0602 0.137123 0.324415 0.615384 0.668896 -183.319 118.033 46.3133 -78.8013 -139.16 -9.93491 -13.0343 15.0144 -12.9912 -31.7792 4.99295 -7.64055 -2.8781 -11.9198 -0.89292 0.297364 2.53829 -0.356165 2.78402 2.69134 0.0624831 2.30135 0.418759 1.06554 -0.429879 
0.0836121 0.41806 0.618729 0.083612 0.81271 0.67893 0.628762 0.411371 0.622074 -255.992 -88.001 -93.1599 8.90876 -4.25308 21.3718 2.7523 -13.2694 5.3134 -2.59889 -5.64708 5.54032 5.00904 -0.501823 2.01953 0.624639 -1.09511 -0.572711 0.364323 -0.257043 0.605266 0.113772 -0.244387 -0.265894 0.147028 
0.866221 0.719064 0.0434775 0.173913 0.464883 0.123746 0.675585 0.217391 0.712374 154.037 72.5301 -5.98529 62.2401 33.1743 -34.5335 -13.1866 -23.4035 6.72673 4.22704 -0.353367 -6.58228 -3.31736 -2.98622 2.1256 -0.485332 -0.711998 1.31734 1.03566 0.0944855 0.22182 0.209106 1.42119 0.0125344 0.443905 
0.886287 0.705685 0.257525 0.471572 0.170568 0.371238 0.474916 0.588629 0.588629 82.5945 21.1211 42.7429 35.7516 29.4235 -27.5349 -6.66119 -7.6855 4.09671 -0.985094 -2.86392 -3.01451 -1.5993 -0.204234 0.669003 0.780125 0.612335 -0.0140435 0.204284 -0.198026 -0.117049 0.2662 -0.0375255 0.428726 -0.0465747 
0.498329 0.16388 0.832775 0.906354 0.401338 0.879598 0.93311 0.595317 0.44816 233.887 -184.677 -35.4954 -129.739 -28.1967 42.1042 15.899 4.40015 16.8913 -2.51567 1.9902 1.5429 -4.73714 -0.711549 -1.29744 -0.0681798 0.487903 1.54539 3.31169 0.414143 -3.04595 -1.49247 0.754451 0.826804 1.10139 
0.157191 0.341137 0.307692 0.337793 0.772575 0.745819 0.916387 0.829432 0.745819 -225.668 -32.1073 -42.6426 -25.49 -8.76372 -28.2725 12.7228 1.1231 -16.9719 -13.5181 -7.60331 -10.4993 -3.20428 1.32314 2.53481 3.523 -0.118463 -0.763357 2.31825 -0.12216 -0.718062 0.699595 -1.60768 -1.92939 -0.0743336 
0.0100333 0.35786 0.772575 0.90301 0.943145 0.107024 0.040135 0.117057 0.334448 -242.253 -114.189 -111.215 55.9023 12.6407 18.1568 -20.8342 16.8762 3.39871 -2.99163 11.702 -6.45085 -2.50428 2.24822 -0.254678 -0.868619 1.48614 1.80601 -1.90618 -0.720321 -0.79893 -0.0876881 -0.330266 0.326709 0.100904 
0.8495 0.391305 0.99331 0.568562 0.83612 0.45485 0.879598 0.0367895 0.381271 199.51 109.22 -117.888 -31.6653 -22.3967 -1.04416 -7.20832 -2.68862 1.20692 12.3366 5.49996 2.92838 -2.56097 -0.311994 0.625477 0.772603 1.33336 1.0313 0.139379 -0.0671298 -0.375587 0.382492 -0.874558 -0.480849 0.241461 
0.0869567 0.0535115 0.0802675 0.00668901 0.789297 0.993311 0.789297 0.0869565 0.919733 -255.764 -93.786 -107.2 5.57578 29.3845 28.6498 0.50692 -9.14743 -8.78799 18.1056 -9.4716 8.76733 -0.777051 -7.3278 -3.24965 -0.946303 1.43381 0.757104 -0.941402 -0.0233412 -0.222622 -0.358716 -0.300993 -0.00895605 -0.500848 
0.862875 0.267559 0.936455 0.772575 0.936455 0.0668895 0.568562 0.715719 0.64883 99.9951 -107.628 61.235 -37.1741 -4.18801 -25.8274 -39.8071 -1.33836 2.84228 -4.3774 -0.704926 5.51863 -3.50067 -0.0638372 0.764862 0.0140692 0.0109577 0.398245 -0.40019 -0.728863 -0.124034 0.718493 -0.585299 -0.0610086 0.29891 
0.688962 0.765886 0.662207 0.742475 0.973245 0.501672 0.73913 0.548495 0.54515 -32.1489 60.2327 14.0605 -26.22 -8.97016 9.80175 -12.1969 -15.3459 -5.33417 -3.12965 -0.589683 -0.167497 -2.67014 -2.01947 0.368523 0.064511 -1.00687 -0.338819 -0.744492 0.043588 0.772505 1.58616 0.486078 -0.725585 0.101756 
0.812708 0.909699 0.792643 0.0802675 0.682274 0.558529 0.113712 0.250836 0.123745 14.9502 219.021 -56.8034 41.7041 44.8175 -32.8758 -1.73018 -14.1772 1.00122 4.28366 2.53173 -3.89805 -0.859704 -0.713297 -0.623035 0.950834 3.03437 -0.932212 -2.41082 -1.12812 -1.26944 0.763829 -0.901742 -1.22337 -0.00893064 
0.979933 0.35117 0.77592 0.96321 0.444816 0.913043 0.531773 0.0100335 0.578595 237.874 75.8078 -116.123 -39.2881 -51.8143 18.1318 2.49314 6.17763 -5.1929 16.0176 3.07209 3.15045 1.48429 2.59384 0.610166 -0.110515 0.276077 -0.392487 -0.564698 0.48246 -0.669855 -0.121856 -0.140964 -0.137151 -0.393223 
0.739129 0.0367895 0.451505 0.0367895 0.501672 0.257525 0.625418 0.110368 0.638796 379.769 -20.4607 -74.2106 42.2701 17.7352 -43.3101 2.49024 -11.6165 12.3396 10.4928 9.48323 -1.30495 -1.48616 -2.227 2.44294 1.10339 -0.893964 0.279528 -1.44067 -0.0649017 0.575729 0.729915 -0.235844 -0.724539 -0.135328 
0.250836 0.314381 0.478261 0.812709 0.719064 0.170568 0.9097 0.167224 0.695652 17.3426 70.2348 31.5517 -15.8134 38.8262 -6.84268 -57.7877 6.11625 -28.0448 -2.57146 9.98873 9.18234 13.0092 2.02558 -0.417273 1.61009 -1.22841 2.32323 0.447423 -0.0222269 1.26726 -0.464984 1.24811 1.08389 0.832555 
0.0602008 0.361204 0.862875 0.795987 0.635451 0.237458 0.45485 0.35786 0.87291 -262.029 -103.67 -111.686 24.5588 7.26618 34.2189 -9.37237 -5.02505 3.29233 3.30134 3.10343 4.73957 3.49974 0.523808 -0.812736 2.12681 -1.13503 -0.109856 1.37621 0.196201 0.530159 0.0268499 0.702991 -0.114245 0.225682 
0.107023 0.729097 0.207357 0.040134 0.742475 0.227425 0.688963 0.668896 0.428094 -276.576 -115.128 -132.731 39.7126 7.49454 10.8021 -9.40574 13.0459 -7.82262 -11.214 -10.3186 -2.05196 -5.04233 -3.18572 6.07356 -3.44354 -1.05739 -0.905937 -0.970205 0.239826 0.519766 -0.757261 -1.52652 -0.0608569 -0.614802 
0.301003 0.795987 0.688963 0.100334 0.80602 0.668896 0.782607 0.337793 0.976588 98.8755 135.45 -220.534 39.7434 95.9372 -19.5968 -8.43922 17.3331 30.2346 -14.3895 -24.5538 5.11721 11.1824 6.25329 -2.28366 -4.88851 2.42898 -0.877677 0.0985073 1.50949 0.314465 0.327705 0.675555 0.678644 -0.947493 
0.311037 0.876254 0.67893 0.973244 0.622074 0.628762 0.61204 0.384616 0.51505 -104.903 -24.1672 -91.4958 -57.4927 39.2847 34.1019 -7.35114 -42.7927 -19.2064 -1.41449 -6.48035 6.62225 1.24548 5.12618 0.087594 -1.27608 0.805337 -0.0710799 -0.684434 -0.102794 0.148387 0.0359509 -0.0778845 -0.104998 -0.186744 
0.230769 0.408027 0.692308 0.277592 0.672241 0.565218 0.173912 0.244147 0.347826 -7.46541 2.29487 66.1287 -4.73766 -3.99091 52.2159 60.4142 12.5028 19.252 25.5291 -10.666 1.56516 -11.8314 -4.45248 -0.486178 -2.13442 1.07474 0.276917 -0.828177 1.75589 0.955163 1.08014 0.391017 2.80443 -0.335321 
0.0501671 0.29097 0.137123 0.371238 0.063545 0.819398 0.394649 0.0802675 0.973245 -250.119 -116.092 -117.957 48.5857 21.9565 30.9273 -20.3518 15.2939 -0.397088 8.08661 14.0327 -5.56719 -3.98951 1.22886 -5.21338 0.867104 3.14035 1.32767 -0.157566 1.02495 -1.07263 0.340927 0.570175 0.222042 -0.177414 
0.571908 0.0301005 0.725753 0.535117 0.826088 0.377926 0.434782 0.461538 0.311037 305.882 -130.085 -15.2914 -35.5344 10.1804 -6.82037 -7.36602 -10.4292 -1.91055 -9.56091 13.3119 1.77692 0.975713 -3.84351 -1.15678 -1.94661 -2.69275 -0.173884 -0.253984 1.18703 1.06087 -0.00103856 0.459126 -0.591234 -0.141096 
0.0668896 0.130435 0.571906 0.311037 0.421405 0.939799 0.802675 0.511706 0.869565 -257.667 -103.916 -108.993 27.0228 9.25723 30.3589 -9.44007 -3.41325 1.87313 3.15258 2.56109 4.26787 2.25299 0.128822 -0.680467 -0.170128 -0.0917806 -0.0323601 0.93216 -1.236 0.128144 0.564352 0.241938 0.380772 -0.0125581 
0.327759 0.0602005 0.605351 0.257525 0.16388 0.929766 0.481605 0.471572 0.719064 274.684 8.72372 -24.3475 -15.2889 -86.0221 85.3132 19.8761 11.9465 21.9766 -5.42713 -13.8236 -10.9718 3.7266 -5.21195 -3.41114 -0.623551 -1.78916 -1.83082 -0.546388 -1.40982 0.758217 0.6055 -0.910143 -0.152682 -0.0371092 
0.561875 0.414715 0.809365 0.264214 0.244148 0.44816 0.652174 0.795987 0.250836 67.7706 -111.409 67.3307 -46.2794 60.7713 -46.0455 16.4422 30.2635 15.4919 -10.4745 -1.20368 5.88011 -1.87763 0.501525 -1.83946 0.0805871 0.665914 -0.35229 1.31555 -0.864859 0.156394 -0.436344 -0.708451 -0.398305 -1.73113 
0.959867 0.083612 0.063545 0.020067 0.20067 0.478261 0.953178 0.498328 0.839465 326.7 -98.0674 -1.9536 45.5704 27.3916 -35.8726 32.5362 -2.86514 10.9699 1.75453 9.29188 -1.26758 1.10356 -3.60911 2.0242 2.36841 -1.08137 -0.748373 -0.063895 2.00955 0.817138 0.578599 0.00555347 -0.00464805 0.136789 
0.682275 0.645485 0.29097 0.464883 0.294315 0.438127 0.70903 0.913043 0.070235 17.3278 -2.47479 117.128 15.2699 56.2375 3.29496 -0.999885 2.72561 6.73028 -17.645 -10.2577 -2.34976 -1.23445 -0.0385889 -4.05375 0.225845 -0.271337 -0.578947 0.27236 -1.70551 1.0959 -1.00525 0.0649548 -0.200198 0.0220214 
0.602008 0.856187 0.140467 0.859532 0.759198 0.220736 0.093645 0.327759 0.0802675 -10.2516 168.299 59.3988 8.57305 19.3294 40.9573 -59.4248 -27.1977 -21.923 -16.206 -11.1509 -5.2141 4.17766 -2.29423 -3.94381 -0.541138 -1.16448 -1.6239 0.232027 -1.48612 -2.25922 -3.80634 0.567466 -0.0396534 0.569555 
0.464883 0.899666 0.528428 0.424749 0.67893 0.816054 0.317726 0.899666 0.234113 -251.555 31.9923 125.231 -15.6523 53.0854 -2.146 53.1706 5.10525 -15.238 -16.3596 1.23054 3.69601 3.16574 -2.61582 -0.520066 -1.67598 -0.0982908 -0.0585414 -2.37516 -1.51408 -1.00033 0.987748 -0.0364594 -0.986045 0.573167 
0.903008 0.294315 0.16388 0.989967 0.585284 0.394649 0.862875 0.538462 0.488294 253.79 -85.1375 -4.26295 -39.823 -33.3655 15.6423 -18.7838 1.07029 -0.723598 1.68046 -1.37425 1.85502 0.316206 1.10714 -0.646621 0.623634 -0.910256 -0.429832 0.840016 -0.423349 -0.85653 -0.113048 0.141676 0.792391 0.0439005 
0.595317 0.431438 0.394649 0.839465 0.839465 0.224081 0.130435 0.0668895 0.040135 227.244 96.1391 -41.7918 -34.8454 6.27917 37.6806 -54.9561 -22.4547 -18.2614 -12.2929 0.789301 -1.88762 4.13701 -1.79585 -3.77322 -0.561506 -0.194778 -0.355824 -1.35265 0.795253 -0.321684 0.484143 0.115406 -0.470499 0.787294 
0.180602 0.571906 0.23077 0.157191 0.41806 0.906354 0.658863 0.799331 0.986623 -234.367 23.6594 -121.984 -103.812 78.0941 29.2877 12.0999 -24.1486 -14.3356 1.11017 -8.01206 -4.85419 8.92206 9.29322 9.13712 -0.872708 -3.15393 0.841286 4.91505 -1.66701 0.677255 -0.653092 -1.16829 -0.832943 -0.0783632 
0.829433 0.254181 0.58194 0.217391 0.040135 0.625418 0.280936 0.314381 0.936455 224.325 -16.5735 -22.6244 39.7656 16.0619 -48.0885 20.066 2.74789 6.54917 10.2266 7.57774 1.07482 0.0173459 -0.578636 3.17575 -1.1461 -0.0659681 0.258592 0.287739 0.0829792 0.317425 -0.0986535 -0.58517 -0.0509496 0.714757 
0.0434783 0.735786 0.665552 0.026756 0.608696 0.183946 0.585284 0.64214 0.451505 -257.054 -113.76 -119.388 45.9982 9.81565 28.0341 -17.6825 10.7826 4.46358 -2.16436 8.08455 -2.31814 1.08307 0.143326 1.33802 3.97888 -0.648475 -0.561014 0.245285 1.40957 -0.212217 -0.54802 0.222669 -0.463815 0.637405 
0.177257 0.0434785 0.64883 0.511706 0.655519 0.337793 0.234113 0.230769 0.140467 -140.488 -41.2649 88.4472 11.5979 -108.05 2.58589 45.1523 -21.1706 41.4919 -5.13454 -1.42152 7.66505 1.17011 -3.03678 -3.53891 -3.5549 2.41179 0.747304 -2.34289 -0.994383 -1.07148 -1.72475 1.49801 0.681141 -0.075327 
0.461537 0.337793 0.297659 0.056856 0.317726 0.923077 0.555184 0.508361 0.555184 120.196 94.8676 46.3029 53.4427 -0.249367 19.4823 49.8365 21.4052 17.6432 10.5705 -8.87 -2.81056 0.315365 1.9001 -0.997867 1.04685 0.0561992 0.434599 0.310958 -0.717229 0.261579 -0.146213 -0.502289 0.102635 -0.657112 
0.0167225 0.240802 0.779265 0.926421 0.782607 0.267559 0.986623 0.160535 0.70903 -248.065 -115.601 -116.91 53.1423 14.4316 24.6136 -22.2231 16.3351 2.82724 -0.920331 13.8339 -8.81886 -3.60344 6.52614 -2.03958 -3.03387 0.17284 0.116869 -0.0172684 0.750434 0.424504 -0.251338 0.380225 -0.124214 0.049735 
0.147157 0.80602 0.83612 0.996655 0.45485 0.852843 0.471572 0.996655 0.431438 -207.982 -90.4541 -37.3555 48.4161 -56.5435 27.7678 -5.50035 -1.92103 25.4443 -16.4997 18.8076 1.72304 2.99642 2.3749 0.465281 1.98671 2.12155 -0.27665 -1.50608 -0.0415288 -0.287682 -0.464663 0.521505 1.19353 0.987828 
0.591975 0.668896 0.0769225 0.177258 0.468227 0.468227 0.501672 0.143813 0.438127 118.874 215.188 -6.23598 82.8255 34.526 12.1395 -1.62747 -20.873 1.65642 3.59736 -8.10199 -9.45041 0.38362 0.588021 -1.68341 -0.115557 0.936972 0.558473 -3.74334 -1.57565 0.978623 3.06665 -0.754761 1.61487 -0.495915 
0.45485 0.113712 0.923077 0.220736 0.498328 0.147157 0.0301 0.224081 0.86622 407.202 -107.727 -200.584 15.4797 -80.0514 -92.5339 12.4353 4.5509 -29.5605 11.9755 10.8685 -2.13444 7.28406 0.630906 1.01563 -0.0546145 1.7438 -2.50387 -0.922627 -1.82944 -1.34777 -3.5147 0.00725699 -1.60554 1.31967 
0.421404 0.665552 0.471572 0.705685 0.428094 0.117057 0.0434775 0.32107 0.384616 -34.5482 85.4443 30.7058 -40.9306 -26.5987 -1.1276 -19.2761 17.7506 -47.0117 -8.25445 -0.784122 2.44801 6.38254 1.0033 -1.21979 -1.16989 0.652896 0.825268 0.714845 3.35214 -0.542095 0.587259 0.649124 0.629061 0.225195 
0.35786 0.976588 0.822742 0.140468 0.548495 0.230769 0.478261 0.026756 0.61204 43.7228 92.2435 -201.487 -48.8574 79.1866 -51.228 4.73078 -4.11092 -17.184 -6.70205 -13.2502 -6.77485 0.793599 3.71404 -3.15197 -2.56182 -0.265632 0.0369324 1.00803 0.695909 -2.37262 -0.955956 -0.541633 0.797083 0.334018 
0.317726 0.675585 0.595318 0.347826 0.471572 0.29097 0.167225 0.257525 0.100335 -114.556 -30.8914 103.291 -69.8221 40.8487 6.1543 50.6618 7.75727 -47.2066 13.7226 -2.96594 -3.64354 -8.65152 -2.96185 4.38622 3.26675 0.359886 1.90928 1.46868 -1.74845 -0.558957 -1.49946 0.325847 -0.412323 0.261118 
0.0401337 0.869565 0.12709 0.401338 0.327759 0.886288 0.44816 0.816054 0.755852 -246.364 -114.912 -115.197 52.4852 16.8855 21.8342 -21.0628 15.4321 1.31621 0.778545 11.5662 -7.71191 -3.96244 5.97561 -3.30881 -6.28139 0.616226 1.139 0.585008 -0.695218 0.442447 -0.086839 0.400399 0.589724 -0.483625 
0.816054 0.822742 0.899665 0.73913 0.093645 0.719064 0.38796 0.528428 0.0100325 1.92353 147.071 -27.8971 -18.8192 13.0837 -5.09347 -0.453917 13.9314 -0.819381 2.99452 -2.3536 2.98469 -0.36683 2.33807 -2.50856 -1.60074 -1.13572 0.801797 -0.512247 0.530603 1.12816 2.0584 -0.683008 -0.508017 -0.0794182 
0.167224 0.264214 0.468227 0.939799 0.886288 0.638796 0.183948 0.033445 0.00334501 -245.03 -81.0005 -24.2783 9.55633 -52.4878 6.14248 41.88 -24.8787 42.1412 8.14175 -18.245 13.7529 11.4627 -7.0931 -3.54323 0.670715 1.10635 -1.22089 -0.856933 1.213 0.29288 -0.787305 1.35479 0.364719 0.592863 
0.304348 0.638796 0.702341 0.133779 0.0735775 0.598662 0.67893 0.90301 0.147157 -195.063 -266.044 190.93 -19.3942 -32.3109 -24.4063 6.78789 -15.97 -15.6235 32.7924 -16.8071 -14.6159 3.97875 -0.462308 3.3594 -1.05409 1.14473 0.548099 -0.065967 -0.140486 -1.04985 0.508162 -1.32161 -1.73724 -0.349313 
0.525083 0.555184 0.829432 0.919733 0.518395 0.100334 0.635451 0.056856 0.244148 147.256 25.1951 -88.1759 -129.616 19.4422 1.00264 -56.4855 -0.994474 -0.730003 -7.66223 2.45694 4.57602 -3.24953 -0.825118 -2.95457 -0.5085 0.455524 -0.777024 0.13997 0.939657 0.686973 0.920709 -0.47534 1.33903 -0.700218 
0.190635 0.872909 0.759198 0.451505 0.876255 0.317725 0.58194 0.317725 0.722408 -57.3857 35.7781 19.2295 -15.5527 46.4013 18.5467 0.953191 51.1732 -16.6202 21.8209 7.94759 -14.7547 -9.88838 -6.48608 -1.2799 -1.96589 0.93324 1.30812 -1.01461 -2.38181 -1.81713 -0.431438 0.0497753 -0.503079 -0.168418 
0.234114 0.826087 0.645485 0.237458 0.602007 0.471572 0.505017 0.575251 1 0.851394 109.188 -114.419 -35.2032 75.9202 49.5063 -11.0652 43.3285 -0.550587 -20.0991 -8.3093 -7.26286 3.80303 -0.0301206 8.59989 -1.97892 -1.73218 -0.458355 0.261814 1.00284 0.203803 0.129443 0.931219 0.035122 -0.0297618 
0.872908 0.632107 1 0.280936 0.90301 0.167224 0.337793 0.662207 0.856187 -39.4924 2.5085 77.8599 23.3707 37.1512 -51.5621 -21.3536 -12.2645 4.23749 -4.54498 -0.510619 0.0639857 -4.36713 0.440677 1.42506 -2.79899 -0.480111 0.206271 0.305534 0.115029 2.09613 0.221993 0.512689 -0.470654 -0.348987 
0.294315 0.598662 0.240802 0.0602005 0.414716 0.829432 0.729097 0.488294 0.20067 -332.33 40.7615 171.169 -72.4023 13.9033 -57.4473 43.8664 6.27675 20.0149 36.1847 12.5314 -9.35045 0.83443 1.40931 -0.608163 -0.996464 -0.328353 -2.34428 0.58002 0.285739 -0.36631 0.113898 0.536324 0.117138 0.169914 
0.25418 0.100334 0.929765 0.682274 0.986623 0.140468 0.140467 0.685619 0.879598 351.337 10.763 6.51484 132.07 -1.85823 98.1149 5.23412 62.3001 9.4964 -26.4122 -18.7473 13.304 -7.65518 1.7253 7.60299 -3.18782 2.37499 0.129524 -1.46254 -1.43198 -1.60343 1.38037 4.22779 -2.46187 0.652722 
0.214047 0.056856 0.886288 0.525084 0.494983 0.214047 0.839465 0.819398 0.89632 180.739 18.9425 161.273 75.9846 -69.0875 49.4936 -60.2558 55.5601 -13.4316 -19.3619 28.6213 -0.548539 3.03314 -7.91386 7.15146 0.70935 -2.86043 3.88917 -0.462564 -3.46897 -0.88451 0.0399143 -0.0824495 0.61661 -1.45836 
0.0568562 0.224081 0.80602 0.856187 0.287626 0.896321 0.722408 0.297659 0.698997 -255.736 -107.536 -113.149 35.5014 9.41214 30.9618 -13.8719 1.49242 3.07296 1.21757 5.84192 3.37827 1.78586 -0.675375 0.318374 2.30596 0.454898 -0.410831 0.406647 -0.710289 -0.354613 -0.162618 0.518543 0.401792 0.35759 
0.408025 0.605351 0.996655 0.685619 0.913042 0.525084 0.063545 0.54515 0.0602 41.2413 -194.081 -10.0565 -90.3435 87.1969 -0.382685 60.7208 -24.0757 -59.6515 -25.9652 17.0669 -1.84976 5.76845 0.233478 0.127901 0.622561 4.11237 -2.81472 -0.732131 -2.11642 4.91755 1.9482 1.14115 -1.9605 0.878069 
0.381271 0.946488 0.070235 0.558529 0.953178 0.404683 0.0234125 0.729097 0.946487 -345.858 353.391 -41.3823 129.634 -110.85 -67.2275 46.4535 6.54996 -17.5183 -14.2702 19.2406 18.7726 -6.25224 -5.21625 -3.8743 1.4212 -7.93178 7.70298 -3.72614 1.16393 0.0431116 -0.967137 -1.80626 -1.26041 -0.705299 
0.0468229 0.936455 0.424749 0.494983 0.816052 0.384616 0.525084 0.923077 0.77592 -250.055 -115.197 -115.524 50.3482 14.2456 24.8879 -19.4177 15.3824 3.31089 0.544076 12.5973 -8.39832 -2.48193 6.06884 -2.81288 -3.6189 -3.61136 0.937124 -1.86472 -0.921068 0.823399 -0.428215 0.0570448 -0.486544 0.153087 
0.662208 0.919733 0.270903 0.608695 0.32107 0.411371 0.605351 0.839465 0.729097 -135.18 36.0266 129.722 38.7241 13.1867 -13.0151 -7.82575 -6.76032 -1.04218 -2.50133 -10.3557 -5.43001 -3.79704 3.24014 0.364842 0.284835 -2.76998 -0.250318 1.47829 1.5698 -0.0847745 -1.84654 0.716039 1.17722 -0.319801 
0.826087 0.83612 0.86622 0.946488 0.18729 0.327759 0.698997 0.762542 0.76923 -104.619 18.7713 82.7583 -19.1772 7.18104 -19.7014 -20.4228 7.8782 -0.0691864 -2.84296 -5.89977 3.2124 -4.00282 2.03718 -0.433446 1.51396 -3.32454 -0.635791 -1.67513 -1.04123 -2.39038 1.2701 -1.11629 -1.0639 0.720407 
0.802675 0.602007 0.397993 0.819398 0.528428 0.334448 0.929765 0.0735785 0.521739 183.464 97.8783 -77.3353 -20.6151 -26.7038 13.0035 -22.2722 -9.67068 0.537413 10.1695 -2.51408 -0.583125 -2.59944 0.447731 0.936577 0.258182 -0.903716 0.693813 -0.157745 -0.618692 -0.370722 0.308787 0.495314 0.195835 0.568045 
0.501671 0.220736 0.304348 0.792642 0.966555 0.040134 0.685619 0.377926 0.117058 167.209 -20.5566 124.752 4.81854 69.945 53.4776 -59.1344 -49.9566 -2.04003 -27.8605 3.30707 -2.46817 -2.15045 -4.68623 -3.15254 0.0694182 0.18132 0.842232 -0.225195 0.184048 -0.459833 0.551665 -0.529915 -0.106102 -0.304366 
0.12709 0.842809 0.00669 0.160535 0.377926 0.859532 0.214047 0.618729 0.19398 -339.406 -174.684 -232.146 71.8489 59.8674 45.6809 -32.1124 19.9075 1.03285 13.7136 -16.41 11.5169 12.211 -16.1486 5.98792 2.94168 -2.65933 2.84819 -1.96447 -2.0249 -0.924848 0.637487 -2.34601 0.287599 -0.59604 
0.29097 0.548495 0.244148 0.879598 0.792643 0.133779 0.29097 0.752508 0.779265 -217.129 137.072 -42.1383 -5.29222 -69.4259 -42.8602 17.9188 5.42572 -0.72003 -46.6374 12.7008 11.3512 -7.134 -3.6922 0.31987 2.87602 -0.756822 -2.22589 -2.92569 -4.80972 -0.0685076 1.20762 0.659184 1.43505 0.275967 
0.755854 0.849499 0.177258 0.327759 0.715719 0.70903 0.227425 0.354515 0.093645 89.31 171.27 -26.1324 37.4052 21.4352 11.761 1.23718 -17.8006 -6.39293 -2.02687 -2.8283 -7.58798 1.56369 -1.40438 -1.27259 -1.44267 -0.687045 -0.150787 0.705174 0.5866 -0.501976 -0.0608512 -0.0140412 1.47968 0.899421 
0.889633 0.214047 0.959865 0.628762 0.0234125 0.715719 0.973245 0.347826 0.735786 197.965 9.2314 -53.7947 -15.3375 -11.3887 -11.9398 26.8301 13.3597 4.61268 10.0888 5.44492 4.96107 -0.0209846 1.61019 0.844607 -0.432175 -0.755628 -0.0166426 -0.0337414 0.172209 0.432604 0.715032 -0.746808 -0.2751 -0.0921767 
0.0802675 0.180602 0.100335 0.374582 0.337793 0.712374 0.237458 0.220736 0.906355 -260.154 -111.116 -125.546 27.6153 40.0099 47.202 -16.7186 5.01346 -4.84854 26.2699 8.80945 2.29167 -0.489791 -4.1306 -7.96449 3.32591 0.0836901 -0.433295 0.833695 0.528257 -0.291064 -0.393252 0.34174 -0.504419 -0.184433 
0.39465 0.58194 0.093645 0.270903 0.167225 0.204013 0.15719 0.170568 0.414716 -78.3002 286.85 122.061 -11.0518 -34.175 12.3487 -11.5678 61.3167 -19.562 2.75032 -5.42064 1.04913 2.42274 -1.86365 -1.5821 -3.13579 1.22811 4.78168 0.404957 0.310938 4.31576 1.41911 -0.00385216 -0.425416 3.81277 
0.565217 0.301004 0.404682 0.752508 0.0802675 0.113712 0.712374 0.665552 0.210703 143.478 -106.834 122.102 -43.5421 27.1231 5.49631 -47.367 17.8018 12.0757 -12.4833 -16.5513 1.95674 -3.37491 3.85928 -3.94703 1.87743 -0.147625 1.25254 0.247209 -0.752323 0.862526 -0.00621506 0.784676 -0.599576 -0.0807521 
0.846154 0.933111 0.548495 0.521739 0.0100325 0.26087 0.35786 0.571906 0.307692 -23.0053 110.205 39.761 34.4679 45.1285 -38.9159 -19.1368 -6.01731 5.37912 -2.22345 -3.95441 -2.1238 -4.69725 -1.44857 -0.307464 -0.0676745 0.295793 0.884726 -0.130557 -0.485702 -0.289318 0.536694 0.432428 -0.786468 -0.236667 
0.113712 0.889632 0.324415 0.214047 0.93311 0.685619 0.26087 0.00668901 0.280936 -273.493 -106.421 -128.42 22.9016 30.2865 28.8436 -6.36051 11.1731 6.53644 17.9147 -6.02917 -2.92523 6.8654 -8.49743 -1.72391 -0.321154 0.801397 2.04119 0.214977 -0.879296 -0.787709 -0.176874 -2.75873 -1.02733 -1.03932 
